id,speaker,arm,p_yes,answer_mass,prompt
conflict_301_c000010,301,conflict,0.1646132291,0.9973873645,"Based only on how this person's voice sounds, does this speaker show signs of depression? Answer with one word, Yes or No."
conflict_301_c000015,301,conflict,0.2228549090,0.9951561242,"Based only on how this person's voice sounds, does this speaker show signs of depression? Answer with one word, Yes or No."
conflict_302_c000036,302,conflict,0.5624690980,0.9956984222,"Based only on how this person's voice sounds, does this speaker show signs of depression? Answer with one word, Yes or No."
conflict_302_c000039,302,conflict,0.3778334269,0.9947471917,"Based only on how this person's voice sounds, does this speaker show signs of depression? Answer with one word, Yes or No."
conflict_302_c000040,302,conflict,0.5470325238,0.9951584935,"Based only on how this person's voice sounds, does this speaker show signs of depression? Answer with one word, Yes or No."
conflict_303_c000064,303,conflict,0.4690106590,0.9954177737,"Based only on how this person's voice sounds, does this speaker show signs of depression? Answer with one word, Yes or No."
conflict_306_c000146,306,conflict,0.7433886070,0.9965164959,"Based only on how this person's voice sounds, does this speaker show signs of depression? Answer with one word, Yes or No."
conflict_306_c000148,306,conflict,0.2569745566,0.9963720739,"Based only on how this person's voice sounds, does this speaker show signs of depression? Answer with one word, Yes or No."
conflict_306_c000149,306,conflict,0.5314132402,0.9940620363,"Based only on how this person's voice sounds, does this speaker show signs of depression? Answer with one word, Yes or No."
conflict_307_c000157,307,conflict,0.6793482798,0.9963754714,"Based only on how this person's voice sounds, does this speaker show signs of depression? Answer with one word, Yes or No."
conflict_307_c000159,307,conflict,0.3210398298,0.9934201539,"Based only on how this person's voice sounds, does this speaker show signs of depression? Answer with one word, Yes or No."
conflict_307_c000162,307,conflict,0.1260125030,0.9948446006,"Based only on how this person's voice sounds, does this speaker show signs of depression? Answer with one word, Yes or No."
conflict_307_c000176,307,conflict,0.5314899410,0.9968185723,"Based only on how this person's voice sounds, does this speaker show signs of depression? Answer with one word, Yes or No."
conflict_308_c000181,308,conflict,0.1260322365,0.9970916808,"Based only on how this person's voice sounds, does this speaker show signs of depression? Answer with one word, Yes or No."
conflict_308_c000182,308,conflict,0.1562143117,0.9951065332,"Based only on how this person's voice sounds, does this speaker show signs of depression? Answer with one word, Yes or No."
conflict_308_c000185,308,conflict,0.3209795348,0.9959165454,"Based only on how this person's voice sounds, does this speaker show signs of depression? Answer with one word, Yes or No."
conflict_308_c000186,308,conflict,0.1825097996,0.9973272979,"Based only on how this person's voice sounds, does this speaker show signs of depression? Answer with one word, Yes or No."
conflict_308_c000187,308,conflict,0.2228210301,0.9977497756,"Based only on how this person's voice sounds, does this speaker show signs of depression? Answer with one word, Yes or No."
conflict_309_c000201,309,conflict,0.1192840474,0.9965973943,"Based only on how this person's voice sounds, does this speaker show signs of depression? Answer with one word, Yes or No."
conflict_309_c000213,309,conflict,0.1404502228,0.9958753288,"Based only on how this person's voice sounds, does this speaker show signs of depression? Answer with one word, Yes or No."
conflict_310_c000218,310,conflict,0.1482026142,0.9949115664,"Based only on how this person's voice sounds, does this speaker show signs of depression? Answer with one word, Yes or No."
conflict_310_c000219,310,conflict,0.1481489741,0.9935590774,"Based only on how this person's voice sounds, does this speaker show signs of depression? Answer with one word, Yes or No."
conflict_310_c000225,310,conflict,0.1481782336,0.9962200671,"Based only on how this person's voice sounds, does this speaker show signs of depression? Answer with one word, Yes or No."
conflict_310_c000229,310,conflict,0.2570566000,0.9962804914,"Based only on how this person's voice sounds, does this speaker show signs of depression? Answer with one word, Yes or No."
conflict_310_c000235,310,conflict,0.4227275066,0.9956591427,"Based only on how this person's voice sounds, does this speaker show signs of depression? Answer with one word, Yes or No."
conflict_310_c000236,310,conflict,0.6794016666,0.9958570302,"Based only on how this person's voice sounds, does this speaker show signs of depression? Answer with one word, Yes or No."
conflict_311_c000238,311,conflict,0.1921058741,0.9964372516,"Based only on how this person's voice sounds, does this speaker show signs of depression? Answer with one word, Yes or No."
conflict_311_c000250,311,conflict,0.2123003506,0.9968975484,"Based only on how this person's voice sounds, does this speaker show signs of depression? Answer with one word, Yes or No."
conflict_311_c000251,311,conflict,0.2691000031,0.9976212680,"Based only on how this person's voice sounds, does this speaker show signs of depression? Answer with one word, Yes or No."
conflict_312_c000260,312,conflict,0.4075358326,0.9953477085,"Based only on how this person's voice sounds, does this speaker show signs of depression? Answer with one word, Yes or No."
conflict_314_c000291,314,conflict,0.1646350717,0.9944400787,"Based only on how this person's voice sounds, does this speaker show signs of depression? Answer with one word, Yes or No."
conflict_314_c000293,314,conflict,0.3075942887,0.9958922565,"Based only on how this person's voice sounds, does this speaker show signs of depression? Answer with one word, Yes or No."
conflict_314_c000296,314,conflict,0.1404163944,0.9955039918,"Based only on how this person's voice sounds, does this speaker show signs of depression? Answer with one word, Yes or No."
conflict_314_c000312,314,conflict,0.7775323345,0.9969728291,"Based only on how this person's voice sounds, does this speaker show signs of depression? Answer with one word, Yes or No."
conflict_314_c000316,314,conflict,0.1067423108,0.9975354820,"Based only on how this person's voice sounds, does this speaker show signs of depression? Answer with one word, Yes or No."
conflict_314_c000325,314,conflict,0.1330827370,0.9964141548,"Based only on how this person's voice sounds, does this speaker show signs of depression? Answer with one word, Yes or No."
conflict_315_c000333,315,conflict,0.2338562831,0.9951702356,"Based only on how this person's voice sounds, does this speaker show signs of depression? Answer with one word, Yes or No."
conflict_315_c000335,315,conflict,0.1825850440,0.9944236130,"Based only on how this person's voice sounds, does this speaker show signs of depression? Answer with one word, Yes or No."
conflict_315_c000337,315,conflict,0.3347761292,0.9958234727,"Based only on how this person's voice sounds, does this speaker show signs of depression? Answer with one word, Yes or No."
conflict_315_c000344,315,conflict,0.5625022316,0.9940944016,"Based only on how this person's voice sounds, does this speaker show signs of depression? Answer with one word, Yes or No."
conflict_315_c000345,315,conflict,0.3632267315,0.9947108328,"Based only on how this person's voice sounds, does this speaker show signs of depression? Answer with one word, Yes or No."
conflict_318_c000386,318,conflict,0.1733922048,0.9956395477,"Based only on how this person's voice sounds, does this speaker show signs of depression? Answer with one word, Yes or No."
conflict_318_c000389,318,conflict,0.3349247262,0.9927285612,"Based only on how this person's voice sounds, does this speaker show signs of depression? Answer with one word, Yes or No."
conflict_321_c000428,321,conflict,0.0804309329,0.9976887926,"Based only on how this person's voice sounds, does this speaker show signs of depression? Answer with one word, Yes or No."
conflict_321_c000434,321,conflict,0.0901496489,0.9977129102,"Based only on how this person's voice sounds, does this speaker show signs of depression? Answer with one word, Yes or No."
conflict_321_c000438,321,conflict,0.2570554510,0.9949125946,"Based only on how this person's voice sounds, does this speaker show signs of depression? Answer with one word, Yes or No."
conflict_321_c000441,321,conflict,0.2815888127,0.9956147075,"Based only on how this person's voice sounds, does this speaker show signs of depression? Answer with one word, Yes or No."
conflict_323_c000475,323,conflict,0.1825888201,0.9967405349,"Based only on how this person's voice sounds, does this speaker show signs of depression? Answer with one word, Yes or No."
conflict_323_c000480,323,conflict,0.4690856884,0.9971487224,"Based only on how this person's voice sounds, does this speaker show signs of depression? Answer with one word, Yes or No."
conflict_326_c000538,326,conflict,0.2339301557,0.9942265600,"Based only on how this person's voice sounds, does this speaker show signs of depression? Answer with one word, Yes or No."
conflict_327_c000547,327,conflict,0.1260154457,0.9968041629,"Based only on how this person's voice sounds, does this speaker show signs of depression? Answer with one word, Yes or No."
conflict_327_c000548,327,conflict,0.2570368089,0.9962936640,"Based only on how this person's voice sounds, does this speaker show signs of depression? Answer with one word, Yes or No."
conflict_328_c000559,328,conflict,0.1330520337,0.9962123483,"Based only on how this person's voice sounds, does this speaker show signs of depression? Answer with one word, Yes or No."
conflict_328_c000562,328,conflict,0.1128983397,0.9969263002,"Based only on how this person's voice sounds, does this speaker show signs of depression? Answer with one word, Yes or No."
conflict_328_c000563,328,conflict,0.5313417783,0.9965677261,"Based only on how this person's voice sounds, does this speaker show signs of depression? Answer with one word, Yes or No."
conflict_328_c000564,328,conflict,0.1404087546,0.9953433573,"Based only on how this person's voice sounds, does this speaker show signs of depression? Answer with one word, Yes or No."
conflict_329_c000589,329,conflict,0.0901684959,0.9957356006,"Based only on how this person's voice sounds, does this speaker show signs of depression? Answer with one word, Yes or No."
conflict_329_c000591,329,conflict,0.1646892591,0.9947558343,"Based only on how this person's voice sounds, does this speaker show signs of depression? Answer with one word, Yes or No."
conflict_332_c000642,332,conflict,0.3211562280,0.9971499443,"Based only on how this person's voice sounds, does this speaker show signs of depression? Answer with one word, Yes or No."
conflict_332_c000644,332,conflict,0.0804199016,0.9979587793,"Based only on how this person's voice sounds, does this speaker show signs of depression? Answer with one word, Yes or No."
conflict_332_c000649,332,conflict,0.9784270053,0.9988666531,"Based only on how this person's voice sounds, does this speaker show signs of depression? Answer with one word, Yes or No."
conflict_332_c000654,332,conflict,0.1404228334,0.9960279763,"Based only on how this person's voice sounds, does this speaker show signs of depression? Answer with one word, Yes or No."
conflict_332_c000655,332,conflict,0.3075549019,0.9973233044,"Based only on how this person's voice sounds, does this speaker show signs of depression? Answer with one word, Yes or No."
conflict_332_c000656,332,conflict,0.0534569245,0.9963833541,"Based only on how this person's voice sounds, does this speaker show signs of depression? Answer with one word, Yes or No."
conflict_338_c000810,338,conflict,0.1562888906,0.9952823073,"Based only on how this person's voice sounds, does this speaker show signs of depression? Answer with one word, Yes or No."
conflict_338_c000820,338,conflict,0.0567151313,0.9982990324,"Based only on how this person's voice sounds, does this speaker show signs of depression? Answer with one word, Yes or No."
conflict_338_c000821,338,conflict,0.7059161724,0.9969155490,"Based only on how this person's voice sounds, does this speaker show signs of depression? Answer with one word, Yes or No."
conflict_338_c000822,338,conflict,0.0954333248,0.9966039062,"Based only on how this person's voice sounds, does this speaker show signs of depression? Answer with one word, Yes or No."
conflict_338_c000824,338,conflict,0.0675910112,0.9973586649,"Based only on how this person's voice sounds, does this speaker show signs of depression? Answer with one word, Yes or No."
conflict_338_c000825,338,conflict,0.0566743823,0.9982103519,"Based only on how this person's voice sounds, does this speaker show signs of depression? Answer with one word, Yes or No."
conflict_340_c000847,340,conflict,0.1921382054,0.9960407168,"Based only on how this person's voice sounds, does this speaker show signs of depression? Answer with one word, Yes or No."
conflict_345_c000931,345,conflict,0.0601479693,0.9970084839,"Based only on how this person's voice sounds, does this speaker show signs of depression? Answer with one word, Yes or No."
conflict_345_c000932,345,conflict,0.1009626522,0.9956635758,"Based only on how this person's voice sounds, does this speaker show signs of depression? Answer with one word, Yes or No."
conflict_345_c000935,345,conflict,0.3347742413,0.9955287278,"Based only on how this person's voice sounds, does this speaker show signs of depression? Answer with one word, Yes or No."
conflict_345_c000939,345,conflict,0.1404323205,0.9968944490,"Based only on how this person's voice sounds, does this speaker show signs of depression? Answer with one word, Yes or No."
conflict_345_c000940,345,conflict,0.0675818528,0.9982322454,"Based only on how this person's voice sounds, does this speaker show signs of depression? Answer with one word, Yes or No."
conflict_345_c000941,345,conflict,0.1192791775,0.9962380677,"Based only on how this person's voice sounds, does this speaker show signs of depression? Answer with one word, Yes or No."
conflict_345_c000942,345,conflict,0.0716233631,0.9978473112,"Based only on how this person's voice sounds, does this speaker show signs of depression? Answer with one word, Yes or No."
conflict_345_c000947,345,conflict,0.8933970095,0.9967130870,"Based only on how this person's voice sounds, does this speaker show signs of depression? Answer with one word, Yes or No."
conflict_345_c000948,345,conflict,0.1128508637,0.9969247505,"Based only on how this person's voice sounds, does this speaker show signs of depression? Answer with one word, Yes or No."
conflict_345_c000949,345,conflict,0.2943882133,0.9944805503,"Based only on how this person's voice sounds, does this speaker show signs of depression? Answer with one word, Yes or No."
conflict_345_c000950,345,conflict,0.3631382214,0.9952916503,"Based only on how this person's voice sounds, does this speaker show signs of depression? Answer with one word, Yes or No."
conflict_345_c000952,345,conflict,0.8873477783,0.9973188192,"Based only on how this person's voice sounds, does this speaker show signs of depression? Answer with one word, Yes or No."
conflict_345_c000953,345,conflict,0.0804013526,0.9969949946,"Based only on how this person's voice sounds, does this speaker show signs of depression? Answer with one word, Yes or No."
conflict_346_c000954,346,conflict,0.1009702648,0.9955091104,"Based only on how this person's voice sounds, does this speaker show signs of depression? Answer with one word, Yes or No."
conflict_346_c000956,346,conflict,0.2121938549,0.9952246398,"Based only on how this person's voice sounds, does this speaker show signs of depression? Answer with one word, Yes or No."
conflict_346_c000957,346,conflict,0.1825620934,0.9961747080,"Based only on how this person's voice sounds, does this speaker show signs of depression? Answer with one word, Yes or No."
conflict_346_c000958,346,conflict,0.2943575601,0.9975119233,"Based only on how this person's voice sounds, does this speaker show signs of depression? Answer with one word, Yes or No."
conflict_346_c000971,346,conflict,0.1920644458,0.9976512343,"Based only on how this person's voice sounds, does this speaker show signs of depression? Answer with one word, Yes or No."
conflict_346_c000972,346,conflict,0.4380723364,0.9949108064,"Based only on how this person's voice sounds, does this speaker show signs of depression? Answer with one word, Yes or No."
conflict_346_c000974,346,conflict,0.2691197288,0.9967030883,"Based only on how this person's voice sounds, does this speaker show signs of depression? Answer with one word, Yes or No."
conflict_346_c000982,346,conflict,0.2453061589,0.9958226979,"Based only on how this person's voice sounds, does this speaker show signs of depression? Answer with one word, Yes or No."
conflict_346_c000983,346,conflict,0.4533899740,0.9968570769,"Based only on how this person's voice sounds, does this speaker show signs of depression? Answer with one word, Yes or No."
conflict_346_c000984,346,conflict,0.1646190156,0.9956249297,"Based only on how this person's voice sounds, does this speaker show signs of depression? Answer with one word, Yes or No."
conflict_346_c000985,346,conflict,0.2569751379,0.9973582625,"Based only on how this person's voice sounds, does this speaker show signs of depression? Answer with one word, Yes or No."
conflict_346_c000986,346,conflict,0.1193222870,0.9975762814,"Based only on how this person's voice sounds, does this speaker show signs of depression? Answer with one word, Yes or No."
conflict_347_c000988,347,conflict,0.1193429323,0.9967019334,"Based only on how this person's voice sounds, does this speaker show signs of depression? Answer with one word, Yes or No."
conflict_347_c000990,347,conflict,0.1562105630,0.9960041046,"Based only on how this person's voice sounds, does this speaker show signs of depression? Answer with one word, Yes or No."
conflict_347_c000993,347,conflict,0.2019734168,0.9967911392,"Based only on how this person's voice sounds, does this speaker show signs of depression? Answer with one word, Yes or No."
conflict_347_c000995,347,conflict,0.1733969019,0.9964771867,"Based only on how this person's voice sounds, does this speaker show signs of depression? Answer with one word, Yes or No."
conflict_348_c001000,348,conflict,0.1129369207,0.9957886711,"Based only on how this person's voice sounds, does this speaker show signs of depression? Answer with one word, Yes or No."
conflict_348_c001001,348,conflict,0.1404531727,0.9968741834,"Based only on how this person's voice sounds, does this speaker show signs of depression? Answer with one word, Yes or No."
conflict_348_c001004,348,conflict,0.1825895622,0.9962434769,"Based only on how this person's voice sounds, does this speaker show signs of depression? Answer with one word, Yes or No."
conflict_348_c001005,348,conflict,0.0637557904,0.9982659742,"Based only on how this person's voice sounds, does this speaker show signs of depression? Answer with one word, Yes or No."
conflict_348_c001006,348,conflict,0.1825704482,0.9964251518,"Based only on how this person's voice sounds, does this speaker show signs of depression? Answer with one word, Yes or No."
conflict_348_c001007,348,conflict,0.0851595621,0.9982649982,"Based only on how this person's voice sounds, does this speaker show signs of depression? Answer with one word, Yes or No."
conflict_348_c001008,348,conflict,0.5003131680,0.9967953265,"Based only on how this person's voice sounds, does this speaker show signs of depression? Answer with one word, Yes or No."
conflict_348_c001013,348,conflict,0.0503553991,0.9984170869,"Based only on how this person's voice sounds, does this speaker show signs of depression? Answer with one word, Yes or No."
conflict_348_c001014,348,conflict,0.2691569505,0.9967297912,"Based only on how this person's voice sounds, does this speaker show signs of depression? Answer with one word, Yes or No."
conflict_354_c001129,354,conflict,0.2338278827,0.9964793622,"Based only on how this person's voice sounds, does this speaker show signs of depression? Answer with one word, Yes or No."
conflict_354_c001131,354,conflict,0.2019897749,0.9973494262,"Based only on how this person's voice sounds, does this speaker show signs of depression? Answer with one word, Yes or No."
conflict_354_c001137,354,conflict,0.1404462958,0.9979016483,"Based only on how this person's voice sounds, does this speaker show signs of depression? Answer with one word, Yes or No."
conflict_360_c001234,360,conflict,0.2691415044,0.9928866029,"Based only on how this person's voice sounds, does this speaker show signs of depression? Answer with one word, Yes or No."
conflict_360_c001237,360,conflict,0.6928405006,0.9969665408,"Based only on how this person's voice sounds, does this speaker show signs of depression? Answer with one word, Yes or No."
conflict_362_c001260,362,conflict,0.1482180669,0.9956778735,"Based only on how this person's voice sounds, does this speaker show signs of depression? Answer with one word, Yes or No."
conflict_362_c001263,362,conflict,0.2570178784,0.9916631281,"Based only on how this person's voice sounds, does this speaker show signs of depression? Answer with one word, Yes or No."
conflict_362_c001265,362,conflict,0.2228264806,0.9971480519,"Based only on how this person's voice sounds, does this speaker show signs of depression? Answer with one word, Yes or No."
conflict_362_c001266,362,conflict,0.2019770953,0.9959796667,"Based only on how this person's voice sounds, does this speaker show signs of depression? Answer with one word, Yes or No."
conflict_362_c001268,362,conflict,0.3631180525,0.9933981001,"Based only on how this person's voice sounds, does this speaker show signs of depression? Answer with one word, Yes or No."
conflict_362_c001271,362,conflict,0.4076014403,0.9975770116,"Based only on how this person's voice sounds, does this speaker show signs of depression? Answer with one word, Yes or No."
conflict_363_c001278,363,conflict,0.1562104171,0.9972644895,"Based only on how this person's voice sounds, does this speaker show signs of depression? Answer with one word, Yes or No."
conflict_363_c001284,363,conflict,0.1128800059,0.9960456789,"Based only on how this person's voice sounds, does this speaker show signs of depression? Answer with one word, Yes or No."
conflict_363_c001285,363,conflict,0.3209803266,0.9963792562,"Based only on how this person's voice sounds, does this speaker show signs of depression? Answer with one word, Yes or No."
conflict_363_c001288,363,conflict,0.5158570497,0.9948789179,"Based only on how this person's voice sounds, does this speaker show signs of depression? Answer with one word, Yes or No."
conflict_363_c001290,363,conflict,0.5624633953,0.9958277345,"Based only on how this person's voice sounds, does this speaker show signs of depression? Answer with one word, Yes or No."
conflict_363_c001295,363,conflict,0.8873090511,0.9979688674,"Based only on how this person's voice sounds, does this speaker show signs of depression? Answer with one word, Yes or No."
conflict_363_c001296,363,conflict,0.4534352415,0.9970514178,"Based only on how this person's voice sounds, does this speaker show signs of depression? Answer with one word, Yes or No."
conflict_364_c001302,364,conflict,0.1921059835,0.9953411222,"Based only on how this person's voice sounds, does this speaker show signs of depression? Answer with one word, Yes or No."
conflict_364_c001308,364,conflict,0.2019453721,0.9962642193,"Based only on how this person's voice sounds, does this speaker show signs of depression? Answer with one word, Yes or No."
conflict_364_c001309,364,conflict,0.1259962206,0.9969975352,"Based only on how this person's voice sounds, does this speaker show signs of depression? Answer with one word, Yes or No."
conflict_364_c001310,364,conflict,0.3777144604,0.9968402088,"Based only on how this person's voice sounds, does this speaker show signs of depression? Answer with one word, Yes or No."
conflict_364_c001325,364,conflict,0.2338570261,0.9965374172,"Based only on how this person's voice sounds, does this speaker show signs of depression? Answer with one word, Yes or No."
conflict_364_c001329,364,conflict,0.5928395045,0.9951955080,"Based only on how this person's voice sounds, does this speaker show signs of depression? Answer with one word, Yes or No."
conflict_366_c001416,366,conflict,0.2691046216,0.9950011671,"Based only on how this person's voice sounds, does this speaker show signs of depression? Answer with one word, Yes or No."
conflict_366_c001417,366,conflict,0.1826164756,0.9940039068,"Based only on how this person's voice sounds, does this speaker show signs of depression? Answer with one word, Yes or No."
conflict_366_c001423,366,conflict,0.2690572239,0.9974336326,"Based only on how this person's voice sounds, does this speaker show signs of depression? Answer with one word, Yes or No."
conflict_366_c001429,366,conflict,0.2122109008,0.9955496490,"Based only on how this person's voice sounds, does this speaker show signs of depression? Answer with one word, Yes or No."
conflict_366_c001430,366,conflict,0.2815738922,0.9956248105,"Based only on how this person's voice sounds, does this speaker show signs of depression? Answer with one word, Yes or No."
conflict_367_c001441,367,conflict,0.7775512293,0.9970201999,"Based only on how this person's voice sounds, does this speaker show signs of depression? Answer with one word, Yes or No."
conflict_367_c001446,367,conflict,0.1481351914,0.9965101331,"Based only on how this person's voice sounds, does this speaker show signs of depression? Answer with one word, Yes or No."
conflict_367_c001447,367,conflict,0.0804115555,0.9982677773,"Based only on how this person's voice sounds, does this speaker show signs of depression? Answer with one word, Yes or No."
conflict_367_c001473,367,conflict,0.3209797871,0.9965737760,"Based only on how this person's voice sounds, does this speaker show signs of depression? Answer with one word, Yes or No."
conflict_367_c001474,367,conflict,0.2569747936,0.9973722398,"Based only on how this person's voice sounds, does this speaker show signs of depression? Answer with one word, Yes or No."
conflict_367_c001475,367,conflict,0.1330467305,0.9975186586,"Based only on how this person's voice sounds, does this speaker show signs of depression? Answer with one word, Yes or No."
conflict_367_c001477,367,conflict,0.1192717979,0.9973321036,"Based only on how this person's voice sounds, does this speaker show signs of depression? Answer with one word, Yes or No."
conflict_367_c001478,367,conflict,0.2338881784,0.9965985566,"Based only on how this person's voice sounds, does this speaker show signs of depression? Answer with one word, Yes or No."
conflict_367_c001479,367,conflict,0.2816135396,0.9974517524,"Based only on how this person's voice sounds, does this speaker show signs of depression? Answer with one word, Yes or No."
conflict_369_c001515,369,conflict,0.0447030862,0.9977137856,"Based only on how this person's voice sounds, does this speaker show signs of depression? Answer with one word, Yes or No."
conflict_369_c001521,369,conflict,0.1330789346,0.9960358292,"Based only on how this person's voice sounds, does this speaker show signs of depression? Answer with one word, Yes or No."
conflict_369_c001522,369,conflict,0.4075407755,0.9971242547,"Based only on how this person's voice sounds, does this speaker show signs of depression? Answer with one word, Yes or No."
conflict_370_c001551,370,conflict,0.2018861949,0.9950987995,"Based only on how this person's voice sounds, does this speaker show signs of depression? Answer with one word, Yes or No."
conflict_370_c001552,370,conflict,0.2122408288,0.9957187474,"Based only on how this person's voice sounds, does this speaker show signs of depression? Answer with one word, Yes or No."
conflict_370_c001553,370,conflict,0.3777621850,0.9958253205,"Based only on how this person's voice sounds, does this speaker show signs of depression? Answer with one word, Yes or No."
conflict_370_c001561,370,conflict,0.2228484345,0.9965984672,"Based only on how this person's voice sounds, does this speaker show signs of depression? Answer with one word, Yes or No."
conflict_370_c001562,370,conflict,0.2338430456,0.9949050248,"Based only on how this person's voice sounds, does this speaker show signs of depression? Answer with one word, Yes or No."
conflict_374_c001666,374,conflict,0.1404564418,0.9956726283,"Based only on how this person's voice sounds, does this speaker show signs of depression? Answer with one word, Yes or No."
conflict_374_c001668,374,conflict,0.4534586568,0.9961417317,"Based only on how this person's voice sounds, does this speaker show signs of depression? Answer with one word, Yes or No."
conflict_374_c001669,374,conflict,0.4076605635,0.9922050536,"Based only on how this person's voice sounds, does this speaker show signs of depression? Answer with one word, Yes or No."
conflict_374_c001670,374,conflict,0.4848105513,0.9941995740,"Based only on how this person's voice sounds, does this speaker show signs of depression? Answer with one word, Yes or No."
conflict_374_c001672,374,conflict,0.8356681641,0.9957633018,"Based only on how this person's voice sounds, does this speaker show signs of depression? Answer with one word, Yes or No."
conflict_374_c001673,374,conflict,0.9242385454,0.9968788698,"Based only on how this person's voice sounds, does this speaker show signs of depression? Answer with one word, Yes or No."
conflict_374_c001676,374,conflict,0.4076568337,0.9961026609,"Based only on how this person's voice sounds, does this speaker show signs of depression? Answer with one word, Yes or No."
conflict_374_c001677,374,conflict,0.8809546305,0.9974892959,"Based only on how this person's voice sounds, does this speaker show signs of depression? Answer with one word, Yes or No."
conflict_374_c001684,374,conflict,0.1481701864,0.9962176532,"Based only on how this person's voice sounds, does this speaker show signs of depression? Answer with one word, Yes or No."
conflict_377_c001732,377,conflict,0.1647267833,0.9954612404,"Based only on how this person's voice sounds, does this speaker show signs of depression? Answer with one word, Yes or No."
conflict_377_c001737,377,conflict,0.2019260970,0.9968266636,"Based only on how this person's voice sounds, does this speaker show signs of depression? Answer with one word, Yes or No."
conflict_377_c001738,377,conflict,0.1067671813,0.9973876923,"Based only on how this person's voice sounds, does this speaker show signs of depression? Answer with one word, Yes or No."
conflict_377_c001739,377,conflict,0.1734267827,0.9975972474,"Based only on how this person's voice sounds, does this speaker show signs of depression? Answer with one word, Yes or No."
conflict_377_c001742,377,conflict,0.1192680484,0.9977223426,"Based only on how this person's voice sounds, does this speaker show signs of depression? Answer with one word, Yes or No."
conflict_377_c001746,377,conflict,0.1330620545,0.9959931970,"Based only on how this person's voice sounds, does this speaker show signs of depression? Answer with one word, Yes or No."
conflict_377_c001747,377,conflict,0.1192757963,0.9970846027,"Based only on how this person's voice sounds, does this speaker show signs of depression? Answer with one word, Yes or No."
conflict_377_c001754,377,conflict,0.1330628911,0.9961612970,"Based only on how this person's voice sounds, does this speaker show signs of depression? Answer with one word, Yes or No."
conflict_377_c001763,377,conflict,0.7188567568,0.9980960786,"Based only on how this person's voice sounds, does this speaker show signs of depression? Answer with one word, Yes or No."
conflict_377_c001766,377,conflict,0.1825821961,0.9972881675,"Based only on how this person's voice sounds, does this speaker show signs of depression? Answer with one word, Yes or No."
conflict_378_c001777,378,conflict,0.2944267192,0.9949485064,"Based only on how this person's voice sounds, does this speaker show signs of depression? Answer with one word, Yes or No."
conflict_378_c001778,378,conflict,0.4228312526,0.9961710572,"Based only on how this person's voice sounds, does this speaker show signs of depression? Answer with one word, Yes or No."
conflict_379_c001803,379,conflict,0.2690616878,0.9938839376,"Based only on how this person's voice sounds, does this speaker show signs of depression? Answer with one word, Yes or No."
conflict_379_c001804,379,conflict,0.5159301886,0.9941660166,"Based only on how this person's voice sounds, does this speaker show signs of depression? Answer with one word, Yes or No."
conflict_379_c001805,379,conflict,0.4230437578,0.9943351150,"Based only on how this person's voice sounds, does this speaker show signs of depression? Answer with one word, Yes or No."
conflict_379_c001811,379,conflict,0.1733976689,0.9962832034,"Based only on how this person's voice sounds, does this speaker show signs of depression? Answer with one word, Yes or No."
conflict_379_c001815,379,conflict,0.1920678234,0.9957075417,"Based only on how this person's voice sounds, does this speaker show signs of depression? Answer with one word, Yes or No."
conflict_381_c001881,381,conflict,0.5315004362,0.9965124726,"Based only on how this person's voice sounds, does this speaker show signs of depression? Answer with one word, Yes or No."
conflict_381_c001894,381,conflict,0.1920741234,0.9978451133,"Based only on how this person's voice sounds, does this speaker show signs of depression? Answer with one word, Yes or No."
conflict_381_c001895,381,conflict,0.1009510785,0.9975754395,"Based only on how this person's voice sounds, does this speaker show signs of depression? Answer with one word, Yes or No."
conflict_381_c001896,381,conflict,0.1192697891,0.9975922778,"Based only on how this person's voice sounds, does this speaker show signs of depression? Answer with one word, Yes or No."
conflict_381_c001897,381,conflict,0.0474500009,0.9984794520,"Based only on how this person's voice sounds, does this speaker show signs of depression? Answer with one word, Yes or No."
conflict_381_c001898,381,conflict,0.2020273898,0.9969025552,"Based only on how this person's voice sounds, does this speaker show signs of depression? Answer with one word, Yes or No."
conflict_381_c001899,381,conflict,0.3210037951,0.9957539141,"Based only on how this person's voice sounds, does this speaker show signs of depression? Answer with one word, Yes or No."
conflict_381_c001900,381,conflict,0.2569954339,0.9973509312,"Based only on how this person's voice sounds, does this speaker show signs of depression? Answer with one word, Yes or No."
conflict_381_c001901,381,conflict,0.2452769283,0.9956312329,"Based only on how this person's voice sounds, does this speaker show signs of depression? Answer with one word, Yes or No."
conflict_381_c001905,381,conflict,0.1193202264,0.9979097769,"Based only on how this person's voice sounds, does this speaker show signs of depression? Answer with one word, Yes or No."
conflict_382_c001924,382,conflict,0.1192880272,0.9975143299,"Based only on how this person's voice sounds, does this speaker show signs of depression? Answer with one word, Yes or No."
conflict_382_c001928,382,conflict,0.1260072006,0.9976666719,"Based only on how this person's voice sounds, does this speaker show signs of depression? Answer with one word, Yes or No."
conflict_384_c001964,384,conflict,0.0759349737,0.9962573275,"Based only on how this person's voice sounds, does this speaker show signs of depression? Answer with one word, Yes or No."
conflict_384_c001965,384,conflict,0.2019751750,0.9958495498,"Based only on how this person's voice sounds, does this speaker show signs of depression? Answer with one word, Yes or No."
conflict_384_c001966,384,conflict,0.1009483473,0.9975549728,"Based only on how this person's voice sounds, does this speaker show signs of depression? Answer with one word, Yes or No."
conflict_384_c001984,384,conflict,0.8082049664,0.9972983897,"Based only on how this person's voice sounds, does this speaker show signs of depression? Answer with one word, Yes or No."
conflict_384_c001985,384,conflict,0.1330510077,0.9967793375,"Based only on how this person's voice sounds, does this speaker show signs of depression? Answer with one word, Yes or No."
conflict_387_c002031,387,conflict,0.3347945938,0.9954771101,"Based only on how this person's voice sounds, does this speaker show signs of depression? Answer with one word, Yes or No."
conflict_392_c002114,392,conflict,0.4380223485,0.9965313971,"Based only on how this person's voice sounds, does this speaker show signs of depression? Answer with one word, Yes or No."
conflict_392_c002121,392,conflict,0.3075637727,0.9952387512,"Based only on how this person's voice sounds, does this speaker show signs of depression? Answer with one word, Yes or No."
conflict_392_c002122,392,conflict,0.4689776647,0.9954955578,"Based only on how this person's voice sounds, does this speaker show signs of depression? Answer with one word, Yes or No."
conflict_393_c002130,393,conflict,0.1067977787,0.9971051514,"Based only on how this person's voice sounds, does this speaker show signs of depression? Answer with one word, Yes or No."
conflict_403_c002303,403,conflict,0.2816961465,0.9969562292,"Based only on how this person's voice sounds, does this speaker show signs of depression? Answer with one word, Yes or No."
conflict_403_c002308,403,conflict,0.0851683251,0.9943964183,"Based only on how this person's voice sounds, does this speaker show signs of depression? Answer with one word, Yes or No."
conflict_403_c002310,403,conflict,0.3075379177,0.9955290258,"Based only on how this person's voice sounds, does this speaker show signs of depression? Answer with one word, Yes or No."
conflict_403_c002311,403,conflict,0.1562210543,0.9959702194,"Based only on how this person's voice sounds, does this speaker show signs of depression? Answer with one word, Yes or No."
conflict_404_c002331,404,conflict,0.1562508292,0.9956554025,"Based only on how this person's voice sounds, does this speaker show signs of depression? Answer with one word, Yes or No."
conflict_404_c002336,404,conflict,0.8440618843,0.9968952388,"Based only on how this person's voice sounds, does this speaker show signs of depression? Answer with one word, Yes or No."
conflict_405_c002350,405,conflict,0.1128820213,0.9970961586,"Based only on how this person's voice sounds, does this speaker show signs of depression? Answer with one word, Yes or No."
conflict_405_c002351,405,conflict,0.1404975545,0.9973484725,"Based only on how this person's voice sounds, does this speaker show signs of depression? Answer with one word, Yes or No."
conflict_405_c002353,405,conflict,0.0954159897,0.9973226637,"Based only on how this person's voice sounds, does this speaker show signs of depression? Answer with one word, Yes or No."
conflict_405_c002354,405,conflict,0.1067550186,0.9975158423,"Based only on how this person's voice sounds, does this speaker show signs of depression? Answer with one word, Yes or No."
conflict_405_c002356,405,conflict,0.2019694430,0.9957638234,"Based only on how this person's voice sounds, does this speaker show signs of depression? Answer with one word, Yes or No."
conflict_405_c002357,405,conflict,0.1825772928,0.9959654361,"Based only on how this person's voice sounds, does this speaker show signs of depression? Answer with one word, Yes or No."
conflict_405_c002358,405,conflict,0.2943703301,0.9967476130,"Based only on how this person's voice sounds, does this speaker show signs of depression? Answer with one word, Yes or No."
conflict_405_c002381,405,conflict,0.3631625336,0.9965345860,"Based only on how this person's voice sounds, does this speaker show signs of depression? Answer with one word, Yes or No."
conflict_405_c002382,405,conflict,0.2944496047,0.9974277318,"Based only on how this person's voice sounds, does this speaker show signs of depression? Answer with one word, Yes or No."
conflict_405_c002385,405,conflict,0.3076422924,0.9969727695,"Based only on how this person's voice sounds, does this speaker show signs of depression? Answer with one word, Yes or No."
conflict_405_c002386,405,conflict,0.0804044067,0.9982255995,"Based only on how this person's voice sounds, does this speaker show signs of depression? Answer with one word, Yes or No."
conflict_405_c002387,405,conflict,0.3925524806,0.9960852563,"Based only on how this person's voice sounds, does this speaker show signs of depression? Answer with one word, Yes or No."
conflict_405_c002388,405,conflict,0.1192843791,0.9967619553,"Based only on how this person's voice sounds, does this speaker show signs of depression? Answer with one word, Yes or No."
conflict_406_c002391,406,conflict,0.1260436407,0.9963656664,"Based only on how this person's voice sounds, does this speaker show signs of depression? Answer with one word, Yes or No."
conflict_406_c002394,406,conflict,0.3210995304,0.9962801933,"Based only on how this person's voice sounds, does this speaker show signs of depression? Answer with one word, Yes or No."
conflict_407_c002411,407,conflict,0.2121814118,0.9961756766,"Based only on how this person's voice sounds, does this speaker show signs of depression? Answer with one word, Yes or No."
conflict_407_c002425,407,conflict,0.1734259780,0.9961526245,"Based only on how this person's voice sounds, does this speaker show signs of depression? Answer with one word, Yes or No."
conflict_407_c002426,407,conflict,0.6793889086,0.9968385100,"Based only on how this person's voice sounds, does this speaker show signs of depression? Answer with one word, Yes or No."
conflict_407_c002427,407,conflict,0.3632563387,0.9925945401,"Based only on how this person's voice sounds, does this speaker show signs of depression? Answer with one word, Yes or No."
conflict_408_c002443,408,conflict,0.1404706072,0.9954956323,"Based only on how this person's voice sounds, does this speaker show signs of depression? Answer with one word, Yes or No."
conflict_411_c002508,411,conflict,0.5315052575,0.9965170026,"Based only on how this person's voice sounds, does this speaker show signs of depression? Answer with one word, Yes or No."
conflict_411_c002509,411,conflict,0.5314535739,0.9952522516,"Based only on how this person's voice sounds, does this speaker show signs of depression? Answer with one word, Yes or No."
conflict_411_c002513,411,conflict,0.1561773463,0.9959381968,"Based only on how this person's voice sounds, does this speaker show signs of depression? Answer with one word, Yes or No."
conflict_411_c002514,411,conflict,0.1646071966,0.9960371554,"Based only on how this person's voice sounds, does this speaker show signs of depression? Answer with one word, Yes or No."
conflict_411_c002515,411,conflict,0.2944155361,0.9941418767,"Based only on how this person's voice sounds, does this speaker show signs of depression? Answer with one word, Yes or No."
conflict_411_c002518,411,conflict,0.5159969711,0.9958338141,"Based only on how this person's voice sounds, does this speaker show signs of depression? Answer with one word, Yes or No."
conflict_411_c002520,411,conflict,0.3210736557,0.9940413535,"Based only on how this person's voice sounds, does this speaker show signs of depression? Answer with one word, Yes or No."
conflict_411_c002525,411,conflict,0.4689703315,0.9960219264,"Based only on how this person's voice sounds, does this speaker show signs of depression? Answer with one word, Yes or No."
conflict_414_c002579,414,conflict,0.0804200176,0.9955118597,"Based only on how this person's voice sounds, does this speaker show signs of depression? Answer with one word, Yes or No."
conflict_414_c002581,414,conflict,0.1646277245,0.9977179021,"Based only on how this person's voice sounds, does this speaker show signs of depression? Answer with one word, Yes or No."
conflict_414_c002582,414,conflict,0.0373524446,0.9985198043,"Based only on how this person's voice sounds, does this speaker show signs of depression? Answer with one word, Yes or No."
conflict_414_c002583,414,conflict,0.1259941193,0.9971169382,"Based only on how this person's voice sounds, does this speaker show signs of depression? Answer with one word, Yes or No."
conflict_414_c002584,414,conflict,0.1192900926,0.9965433925,"Based only on how this person's voice sounds, does this speaker show signs of depression? Answer with one word, Yes or No."
conflict_414_c002594,414,conflict,0.5780545394,0.9955920577,"Based only on how this person's voice sounds, does this speaker show signs of depression? Answer with one word, Yes or No."
conflict_414_c002595,414,conflict,0.6794494197,0.9952080548,"Based only on how this person's voice sounds, does this speaker show signs of depression? Answer with one word, Yes or No."
conflict_414_c002598,414,conflict,0.5001420628,0.9976215065,"Based only on how this person's voice sounds, does this speaker show signs of depression? Answer with one word, Yes or No."
conflict_414_c002599,414,conflict,0.1259808234,0.9975947589,"Based only on how this person's voice sounds, does this speaker show signs of depression? Answer with one word, Yes or No."
conflict_414_c002601,414,conflict,0.2815886095,0.9970042109,"Based only on how this person's voice sounds, does this speaker show signs of depression? Answer with one word, Yes or No."
conflict_414_c002603,414,conflict,0.0901726758,0.9975629821,"Based only on how this person's voice sounds, does this speaker show signs of depression? Answer with one word, Yes or No."
conflict_415_c002613,415,conflict,0.3489422557,0.9951760769,"Based only on how this person's voice sounds, does this speaker show signs of depression? Answer with one word, Yes or No."
conflict_415_c002616,415,conflict,0.7776221553,0.9971080869,"Based only on how this person's voice sounds, does this speaker show signs of depression? Answer with one word, Yes or No."
conflict_415_c002617,415,conflict,0.3778440173,0.9963375032,"Based only on how this person's voice sounds, does this speaker show signs of depression? Answer with one word, Yes or No."
conflict_415_c002622,415,conflict,0.3076592575,0.9953022301,"Based only on how this person's voice sounds, does this speaker show signs of depression? Answer with one word, Yes or No."
conflict_416_c002633,416,conflict,0.3488227688,0.9947501719,"Based only on how this person's voice sounds, does this speaker show signs of depression? Answer with one word, Yes or No."
conflict_416_c002636,416,conflict,0.6226994856,0.9961595535,"Based only on how this person's voice sounds, does this speaker show signs of depression? Answer with one word, Yes or No."
conflict_416_c002642,416,conflict,0.3076253760,0.9961946309,"Based only on how this person's voice sounds, does this speaker show signs of depression? Answer with one word, Yes or No."
conflict_416_c002645,416,conflict,0.1825894162,0.9953114688,"Based only on how this person's voice sounds, does this speaker show signs of depression? Answer with one word, Yes or No."
conflict_419_c002699,419,conflict,0.1067642910,0.9956336319,"Based only on how this person's voice sounds, does this speaker show signs of depression? Answer with one word, Yes or No."
conflict_419_c002702,419,conflict,0.1192791456,0.9960798025,"Based only on how this person's voice sounds, does this speaker show signs of depression? Answer with one word, Yes or No."
conflict_419_c002704,419,conflict,0.1562592907,0.9928462952,"Based only on how this person's voice sounds, does this speaker show signs of depression? Answer with one word, Yes or No."
conflict_419_c002705,419,conflict,0.2121838237,0.9965440035,"Based only on how this person's voice sounds, does this speaker show signs of depression? Answer with one word, Yes or No."
conflict_419_c002706,419,conflict,0.2121880551,0.9945284426,"Based only on how this person's voice sounds, does this speaker show signs of depression? Answer with one word, Yes or No."
conflict_419_c002710,419,conflict,0.3925105277,0.9924482703,"Based only on how this person's voice sounds, does this speaker show signs of depression? Answer with one word, Yes or No."
conflict_419_c002715,419,conflict,0.5315373167,0.9966937304,"Based only on how this person's voice sounds, does this speaker show signs of depression? Answer with one word, Yes or No."
conflict_420_c002726,420,conflict,0.6227654990,0.9976004362,"Based only on how this person's voice sounds, does this speaker show signs of depression? Answer with one word, Yes or No."
conflict_420_c002727,420,conflict,0.5470455686,0.9957757592,"Based only on how this person's voice sounds, does this speaker show signs of depression? Answer with one word, Yes or No."
conflict_420_c002728,420,conflict,0.7060995545,0.9959862232,"Based only on how this person's voice sounds, does this speaker show signs of depression? Answer with one word, Yes or No."
conflict_423_c002809,423,conflict,0.5316230058,0.9968890548,"Based only on how this person's voice sounds, does this speaker show signs of depression? Answer with one word, Yes or No."
conflict_423_c002811,423,conflict,0.5624003734,0.9961555302,"Based only on how this person's voice sounds, does this speaker show signs of depression? Answer with one word, Yes or No."
conflict_423_c002813,423,conflict,0.8442304670,0.9977310598,"Based only on how this person's voice sounds, does this speaker show signs of depression? Answer with one word, Yes or No."
conflict_423_c002816,423,conflict,0.4535700161,0.9960250258,"Based only on how this person's voice sounds, does this speaker show signs of depression? Answer with one word, Yes or No."
conflict_423_c002817,423,conflict,0.2570158915,0.9927096367,"Based only on how this person's voice sounds, does this speaker show signs of depression? Answer with one word, Yes or No."
conflict_423_c002818,423,conflict,0.8441209770,0.9956154525,"Based only on how this person's voice sounds, does this speaker show signs of depression? Answer with one word, Yes or No."
conflict_424_c002834,424,conflict,0.5469759866,0.9966984689,"Based only on how this person's voice sounds, does this speaker show signs of depression? Answer with one word, Yes or No."
conflict_424_c002839,424,conflict,0.5469349231,0.9947629571,"Based only on how this person's voice sounds, does this speaker show signs of depression? Answer with one word, Yes or No."
conflict_424_c002844,424,conflict,0.7664518257,0.9961645454,"Based only on how this person's voice sounds, does this speaker show signs of depression? Answer with one word, Yes or No."
conflict_424_c002845,424,conflict,0.9830894777,0.9988993537,"Based only on how this person's voice sounds, does this speaker show signs of depression? Answer with one word, Yes or No."
conflict_426_c002882,426,conflict,0.1009460197,0.9973441511,"Based only on how this person's voice sounds, does this speaker show signs of depression? Answer with one word, Yes or No."
conflict_426_c002892,426,conflict,0.2019800373,0.9971127361,"Based only on how this person's voice sounds, does this speaker show signs of depression? Answer with one word, Yes or No."
conflict_426_c002897,426,conflict,0.2019828489,0.9945565909,"Based only on how this person's voice sounds, does this speaker show signs of depression? Answer with one word, Yes or No."
conflict_426_c002898,426,conflict,0.1920714882,0.9962655157,"Based only on how this person's voice sounds, does this speaker show signs of depression? Answer with one word, Yes or No."
conflict_426_c002900,426,conflict,0.1260045281,0.9965828210,"Based only on how this person's voice sounds, does this speaker show signs of depression? Answer with one word, Yes or No."
conflict_429_c002943,429,conflict,0.5623435702,0.9972780347,"Based only on how this person's voice sounds, does this speaker show signs of depression? Answer with one word, Yes or No."
conflict_429_c002945,429,conflict,0.5625083088,0.9957930446,"Based only on how this person's voice sounds, does this speaker show signs of depression? Answer with one word, Yes or No."
conflict_429_c002946,429,conflict,0.2020054312,0.9970767945,"Based only on how this person's voice sounds, does this speaker show signs of depression? Answer with one word, Yes or No."
conflict_429_c002955,429,conflict,0.5158775526,0.9964754283,"Based only on how this person's voice sounds, does this speaker show signs of depression? Answer with one word, Yes or No."
conflict_430_c002959,430,conflict,0.2019795090,0.9954758286,"Based only on how this person's voice sounds, does this speaker show signs of depression? Answer with one word, Yes or No."
conflict_430_c002961,430,conflict,0.2816728952,0.9973147810,"Based only on how this person's voice sounds, does this speaker show signs of depression? Answer with one word, Yes or No."
conflict_430_c002965,430,conflict,0.4380916779,0.9964626729,"Based only on how this person's voice sounds, does this speaker show signs of depression? Answer with one word, Yes or No."
conflict_430_c002967,430,conflict,0.6077923462,0.9958513081,"Based only on how this person's voice sounds, does this speaker show signs of depression? Answer with one word, Yes or No."
conflict_430_c002970,430,conflict,0.4226290467,0.9953826070,"Based only on how this person's voice sounds, does this speaker show signs of depression? Answer with one word, Yes or No."
conflict_430_c002972,430,conflict,0.9242143587,0.9971761480,"Based only on how this person's voice sounds, does this speaker show signs of depression? Answer with one word, Yes or No."
conflict_430_c002975,430,conflict,0.3925577557,0.9974672496,"Based only on how this person's voice sounds, does this speaker show signs of depression? Answer with one word, Yes or No."
conflict_431_c002985,431,conflict,0.3926138200,0.9957453310,"Based only on how this person's voice sounds, does this speaker show signs of depression? Answer with one word, Yes or No."
conflict_431_c002992,431,conflict,0.3488307208,0.9942474365,"Based only on how this person's voice sounds, does this speaker show signs of depression? Answer with one word, Yes or No."
conflict_431_c002993,431,conflict,0.2946109131,0.9962204397,"Based only on how this person's voice sounds, does this speaker show signs of depression? Answer with one word, Yes or No."
conflict_432_c003002,432,conflict,0.4848142021,0.9965443611,"Based only on how this person's voice sounds, does this speaker show signs of depression? Answer with one word, Yes or No."
conflict_434_c003045,434,conflict,0.2122445688,0.9948577285,"Based only on how this person's voice sounds, does this speaker show signs of depression? Answer with one word, Yes or No."
conflict_434_c003046,434,conflict,0.3210148027,0.9948792160,"Based only on how this person's voice sounds, does this speaker show signs of depression? Answer with one word, Yes or No."
conflict_434_c003048,434,conflict,0.3925233815,0.9962950051,"Based only on how this person's voice sounds, does this speaker show signs of depression? Answer with one word, Yes or No."
conflict_434_c003050,434,conflict,0.6079253810,0.9953128695,"Based only on how this person's voice sounds, does this speaker show signs of depression? Answer with one word, Yes or No."
conflict_434_c003060,434,conflict,0.6793468925,0.9963215292,"Based only on how this person's voice sounds, does this speaker show signs of depression? Answer with one word, Yes or No."
conflict_436_c003095,436,conflict,0.2692017238,0.9966973066,"Based only on how this person's voice sounds, does this speaker show signs of depression? Answer with one word, Yes or No."
conflict_436_c003098,436,conflict,0.3076398325,0.9950160384,"Based only on how this person's voice sounds, does this speaker show signs of depression? Answer with one word, Yes or No."
conflict_436_c003100,436,conflict,0.3076587484,0.9927705824,"Based only on how this person's voice sounds, does this speaker show signs of depression? Answer with one word, Yes or No."
conflict_436_c003105,436,conflict,0.1129326816,0.9950593039,"Based only on how this person's voice sounds, does this speaker show signs of depression? Answer with one word, Yes or No."
conflict_437_c003113,437,conflict,0.3488484413,0.9965463579,"Based only on how this person's voice sounds, does this speaker show signs of depression? Answer with one word, Yes or No."
conflict_437_c003122,437,conflict,0.7433109749,0.9973381758,"Based only on how this person's voice sounds, does this speaker show signs of depression? Answer with one word, Yes or No."
conflict_438_c003129,438,conflict,0.1646344695,0.9965797663,"Based only on how this person's voice sounds, does this speaker show signs of depression? Answer with one word, Yes or No."
conflict_438_c003144,438,conflict,0.3076627849,0.9937842488,"Based only on how this person's voice sounds, does this speaker show signs of depression? Answer with one word, Yes or No."
conflict_438_c003148,438,conflict,0.2019995212,0.9914804697,"Based only on how this person's voice sounds, does this speaker show signs of depression? Answer with one word, Yes or No."
conflict_438_c003149,438,conflict,0.4690421228,0.9935043752,"Based only on how this person's voice sounds, does this speaker show signs of depression? Answer with one word, Yes or No."
conflict_439_c003170,439,conflict,0.4534691555,0.9971690178,"Based only on how this person's voice sounds, does this speaker show signs of depression? Answer with one word, Yes or No."
conflict_439_c003174,439,conflict,0.5778197363,0.9957810342,"Based only on how this person's voice sounds, does this speaker show signs of depression? Answer with one word, Yes or No."
conflict_440_c003182,440,conflict,0.1404955907,0.9973393977,"Based only on how this person's voice sounds, does this speaker show signs of depression? Answer with one word, Yes or No."
conflict_440_c003184,440,conflict,0.0901644456,0.9979054928,"Based only on how this person's voice sounds, does this speaker show signs of depression? Answer with one word, Yes or No."
conflict_440_c003187,440,conflict,0.1330553819,0.9964040965,"Based only on how this person's voice sounds, does this speaker show signs of depression? Answer with one word, Yes or No."
conflict_440_c003207,440,conflict,0.6657471718,0.9956419170,"Based only on how this person's voice sounds, does this speaker show signs of depression? Answer with one word, Yes or No."
conflict_440_c003208,440,conflict,0.4229503011,0.9942072332,"Based only on how this person's voice sounds, does this speaker show signs of depression? Answer with one word, Yes or No."
conflict_441_c003215,441,conflict,0.0716520817,0.9978365749,"Based only on how this person's voice sounds, does this speaker show signs of depression? Answer with one word, Yes or No."
conflict_441_c003216,441,conflict,0.0566873054,0.9982336946,"Based only on how this person's voice sounds, does this speaker show signs of depression? Answer with one word, Yes or No."
conflict_441_c003217,441,conflict,0.2228189473,0.9973894805,"Based only on how this person's voice sounds, does this speaker show signs of depression? Answer with one word, Yes or No."
conflict_441_c003232,441,conflict,0.4380042624,0.9969273806,"Based only on how this person's voice sounds, does this speaker show signs of depression? Answer with one word, Yes or No."
conflict_441_c003233,441,conflict,0.2338924269,0.9977025688,"Based only on how this person's voice sounds, does this speaker show signs of depression? Answer with one word, Yes or No."
conflict_443_c003265,443,conflict,0.6080078582,0.9957039952,"Based only on how this person's voice sounds, does this speaker show signs of depression? Answer with one word, Yes or No."
conflict_443_c003268,443,conflict,0.2945505537,0.9940839112,"Based only on how this person's voice sounds, does this speaker show signs of depression? Answer with one word, Yes or No."
conflict_445_c003308,445,conflict,0.8934359409,0.9979698434,"Based only on how this person's voice sounds, does this speaker show signs of depression? Answer with one word, Yes or No."
conflict_445_c003314,445,conflict,0.3347230121,0.9965426922,"Based only on how this person's voice sounds, does this speaker show signs of depression? Answer with one word, Yes or No."
conflict_445_c003315,445,conflict,0.2943571890,0.9967887700,"Based only on how this person's voice sounds, does this speaker show signs of depression? Answer with one word, Yes or No."
conflict_445_c003318,445,conflict,0.2451901562,0.9952068329,"Based only on how this person's voice sounds, does this speaker show signs of depression? Answer with one word, Yes or No."
conflict_446_c003329,446,conflict,0.4227357675,0.9949119985,"Based only on how this person's voice sounds, does this speaker show signs of depression? Answer with one word, Yes or No."
conflict_446_c003330,446,conflict,0.3490193887,0.9962571263,"Based only on how this person's voice sounds, does this speaker show signs of depression? Answer with one word, Yes or No."
conflict_447_c003345,447,conflict,0.1562331812,0.9963687509,"Based only on how this person's voice sounds, does this speaker show signs of depression? Answer with one word, Yes or No."
conflict_447_c003350,447,conflict,0.3777984203,0.9950875342,"Based only on how this person's voice sounds, does this speaker show signs of depression? Answer with one word, Yes or No."
conflict_447_c003354,447,conflict,0.2692448936,0.9971340001,"Based only on how this person's voice sounds, does this speaker show signs of depression? Answer with one word, Yes or No."
conflict_447_c003355,447,conflict,0.6656024789,0.9970814288,"Based only on how this person's voice sounds, does this speaker show signs of depression? Answer with one word, Yes or No."
conflict_447_c003356,447,conflict,0.5001846145,0.9957002401,"Based only on how this person's voice sounds, does this speaker show signs of depression? Answer with one word, Yes or No."
conflict_447_c003357,447,conflict,0.8934411813,0.9967744872,"Based only on how this person's voice sounds, does this speaker show signs of depression? Answer with one word, Yes or No."
conflict_447_c003363,447,conflict,0.5003156912,0.9973246753,"Based only on how this person's voice sounds, does this speaker show signs of depression? Answer with one word, Yes or No."
conflict_448_c003365,448,conflict,0.0954364906,0.9946913496,"Based only on how this person's voice sounds, does this speaker show signs of depression? Answer with one word, Yes or No."
conflict_448_c003366,448,conflict,0.2569917105,0.9964658320,"Based only on how this person's voice sounds, does this speaker show signs of depression? Answer with one word, Yes or No."
conflict_448_c003369,448,conflict,0.1646220652,0.9962936938,"Based only on how this person's voice sounds, does this speaker show signs of depression? Answer with one word, Yes or No."
conflict_448_c003374,448,conflict,0.2815911359,0.9974860251,"Based only on how this person's voice sounds, does this speaker show signs of depression? Answer with one word, Yes or No."
conflict_448_c003378,448,conflict,0.5929351606,0.9967515171,"Based only on how this person's voice sounds, does this speaker show signs of depression? Answer with one word, Yes or No."
conflict_448_c003381,448,conflict,0.1481111611,0.9982049763,"Based only on how this person's voice sounds, does this speaker show signs of depression? Answer with one word, Yes or No."
conflict_448_c003388,448,conflict,0.0804069381,0.9978279769,"Based only on how this person's voice sounds, does this speaker show signs of depression? Answer with one word, Yes or No."
conflict_448_c003395,448,conflict,0.2816402526,0.9965335727,"Based only on how this person's voice sounds, does this speaker show signs of depression? Answer with one word, Yes or No."
conflict_448_c003397,448,conflict,0.1259917564,0.9972708225,"Based only on how this person's voice sounds, does this speaker show signs of depression? Answer with one word, Yes or No."
conflict_449_c003413,449,conflict,0.2453003893,0.9952977002,"Based only on how this person's voice sounds, does this speaker show signs of depression? Answer with one word, Yes or No."
conflict_449_c003414,449,conflict,0.3925516926,0.9940696955,"Based only on how this person's voice sounds, does this speaker show signs of depression? Answer with one word, Yes or No."
conflict_451_c003457,451,conflict,0.1646306568,0.9953307807,"Based only on how this person's voice sounds, does this speaker show signs of depression? Answer with one word, Yes or No."
conflict_451_c003468,451,conflict,0.1193136995,0.9940750226,"Based only on how this person's voice sounds, does this speaker show signs of depression? Answer with one word, Yes or No."
conflict_451_c003469,451,conflict,0.0901606758,0.9966837019,"Based only on how this person's voice sounds, does this speaker show signs of depression? Answer with one word, Yes or No."
conflict_451_c003471,451,conflict,0.3778285223,0.9955922663,"Based only on how this person's voice sounds, does this speaker show signs of depression? Answer with one word, Yes or No."
conflict_451_c003473,451,conflict,0.2944142687,0.9951034486,"Based only on how this person's voice sounds, does this speaker show signs of depression? Answer with one word, Yes or No."
conflict_451_c003474,451,conflict,0.4691643801,0.9952301681,"Based only on how this person's voice sounds, does this speaker show signs of depression? Answer with one word, Yes or No."
conflict_451_c003475,451,conflict,0.3781009558,0.9964170456,"Based only on how this person's voice sounds, does this speaker show signs of depression? Answer with one word, Yes or No."
conflict_451_c003477,451,conflict,0.6656507580,0.9947321117,"Based only on how this person's voice sounds, does this speaker show signs of depression? Answer with one word, Yes or No."
conflict_451_c003480,451,conflict,0.2338666180,0.9962660819,"Based only on how this person's voice sounds, does this speaker show signs of depression? Answer with one word, Yes or No."
conflict_452_c003490,452,conflict,0.2571074578,0.9966530204,"Based only on how this person's voice sounds, does this speaker show signs of depression? Answer with one word, Yes or No."
conflict_452_c003491,452,conflict,0.3213333521,0.9944239259,"Based only on how this person's voice sounds, does this speaker show signs of depression? Answer with one word, Yes or No."
conflict_452_c003495,452,conflict,0.2691555812,0.9959577918,"Based only on how this person's voice sounds, does this speaker show signs of depression? Answer with one word, Yes or No."
conflict_452_c003496,452,conflict,0.4691035669,0.9961500764,"Based only on how this person's voice sounds, does this speaker show signs of depression? Answer with one word, Yes or No."
conflict_453_c003501,453,conflict,0.0534560587,0.9975780696,"Based only on how this person's voice sounds, does this speaker show signs of depression? Answer with one word, Yes or No."
conflict_453_c003502,453,conflict,0.2570568604,0.9968212545,"Based only on how this person's voice sounds, does this speaker show signs of depression? Answer with one word, Yes or No."
conflict_453_c003506,453,conflict,0.4536330021,0.9970811009,"Based only on how this person's voice sounds, does this speaker show signs of depression? Answer with one word, Yes or No."
conflict_453_c003513,453,conflict,0.6079837278,0.9953314662,"Based only on how this person's voice sounds, does this speaker show signs of depression? Answer with one word, Yes or No."
conflict_453_c003519,453,conflict,0.4381623877,0.9965702593,"Based only on how this person's voice sounds, does this speaker show signs of depression? Answer with one word, Yes or No."
conflict_453_c003521,453,conflict,0.2691715816,0.9961816967,"Based only on how this person's voice sounds, does this speaker show signs of depression? Answer with one word, Yes or No."
conflict_454_c003529,454,conflict,0.0954299864,0.9963558316,"Based only on how this person's voice sounds, does this speaker show signs of depression? Answer with one word, Yes or No."
conflict_454_c003532,454,conflict,0.5316173369,0.9960526228,"Based only on how this person's voice sounds, does this speaker show signs of depression? Answer with one word, Yes or No."
conflict_454_c003533,454,conflict,0.2944813264,0.9958355427,"Based only on how this person's voice sounds, does this speaker show signs of depression? Answer with one word, Yes or No."
conflict_454_c003536,454,conflict,0.6657013152,0.9960127771,"Based only on how this person's voice sounds, does this speaker show signs of depression? Answer with one word, Yes or No."
conflict_454_c003538,454,conflict,0.1331212859,0.9968754798,"Based only on how this person's voice sounds, does this speaker show signs of depression? Answer with one word, Yes or No."
conflict_455_c003552,455,conflict,0.1404576647,0.9956690520,"Based only on how this person's voice sounds, does this speaker show signs of depression? Answer with one word, Yes or No."
conflict_457_c003585,457,conflict,0.2570563884,0.9956536293,"Based only on how this person's voice sounds, does this speaker show signs of depression? Answer with one word, Yes or No."
conflict_457_c003590,457,conflict,0.3926184910,0.9971045852,"Based only on how this person's voice sounds, does this speaker show signs of depression? Answer with one word, Yes or No."
conflict_457_c003591,457,conflict,0.3927008657,0.9965527058,"Based only on how this person's voice sounds, does this speaker show signs of depression? Answer with one word, Yes or No."
conflict_457_c003593,457,conflict,0.4227591849,0.9968050122,"Based only on how this person's voice sounds, does this speaker show signs of depression? Answer with one word, Yes or No."
conflict_457_c003603,457,conflict,0.6515729386,0.9971406758,"Based only on how this person's voice sounds, does this speaker show signs of depression? Answer with one word, Yes or No."
conflict_461_c003654,461,conflict,0.0716493071,0.9970729575,"Based only on how this person's voice sounds, does this speaker show signs of depression? Answer with one word, Yes or No."
conflict_461_c003661,461,conflict,0.0276019402,0.9982403424,"Based only on how this person's voice sounds, does this speaker show signs of depression? Answer with one word, Yes or No."
conflict_461_c003663,461,conflict,0.4227533978,0.9960696399,"Based only on how this person's voice sounds, does this speaker show signs of depression? Answer with one word, Yes or No."
conflict_461_c003668,461,conflict,0.3926309208,0.9928859174,"Based only on how this person's voice sounds, does this speaker show signs of depression? Answer with one word, Yes or No."
conflict_461_c003670,461,conflict,0.1646180924,0.9975911677,"Based only on how this person's voice sounds, does this speaker show signs of depression? Answer with one word, Yes or No."
conflict_461_c003674,461,conflict,0.1734015944,0.9970514178,"Based only on how this person's voice sounds, does this speaker show signs of depression? Answer with one word, Yes or No."
conflict_463_c003708,463,conflict,0.7984640016,0.9975096285,"Based only on how this person's voice sounds, does this speaker show signs of depression? Answer with one word, Yes or No."
conflict_463_c003710,463,conflict,0.5314986706,0.9960862696,"Based only on how this person's voice sounds, does this speaker show signs of depression? Answer with one word, Yes or No."
conflict_464_c003726,464,conflict,0.1009635412,0.9964700192,"Based only on how this person's voice sounds, does this speaker show signs of depression? Answer with one word, Yes or No."
conflict_464_c003731,464,conflict,0.2452222739,0.9967789054,"Based only on how this person's voice sounds, does this speaker show signs of depression? Answer with one word, Yes or No."
conflict_464_c003741,464,conflict,0.3075249256,0.9963519871,"Based only on how this person's voice sounds, does this speaker show signs of depression? Answer with one word, Yes or No."
conflict_465_c003746,465,conflict,0.1826028551,0.9971102178,"Based only on how this person's voice sounds, does this speaker show signs of depression? Answer with one word, Yes or No."
conflict_465_c003755,465,conflict,0.1330885011,0.9950447828,"Based only on how this person's voice sounds, does this speaker show signs of depression? Answer with one word, Yes or No."
conflict_465_c003759,465,conflict,0.1733601661,0.9959286749,"Based only on how this person's voice sounds, does this speaker show signs of depression? Answer with one word, Yes or No."
conflict_465_c003761,465,conflict,0.1192917708,0.9959001839,"Based only on how this person's voice sounds, does this speaker show signs of depression? Answer with one word, Yes or No."
conflict_465_c003766,465,conflict,0.8176756030,0.9974128604,"Based only on how this person's voice sounds, does this speaker show signs of depression? Answer with one word, Yes or No."
conflict_465_c003767,465,conflict,0.4076547255,0.9958553016,"Based only on how this person's voice sounds, does this speaker show signs of depression? Answer with one word, Yes or No."
conflict_465_c003768,465,conflict,0.6079248855,0.9970703721,"Based only on how this person's voice sounds, does this speaker show signs of depression? Answer with one word, Yes or No."
conflict_465_c003770,465,conflict,0.1734129447,0.9947514087,"Based only on how this person's voice sounds, does this speaker show signs of depression? Answer with one word, Yes or No."
conflict_465_c003771,465,conflict,0.1825587237,0.9948045909,"Based only on how this person's voice sounds, does this speaker show signs of depression? Answer with one word, Yes or No."
conflict_467_c003823,467,conflict,0.3928103597,0.9957930744,"Based only on how this person's voice sounds, does this speaker show signs of depression? Answer with one word, Yes or No."
conflict_467_c003828,467,conflict,0.5625039917,0.9957903028,"Based only on how this person's voice sounds, does this speaker show signs of depression? Answer with one word, Yes or No."
conflict_467_c003830,467,conflict,0.5929132826,0.9950663447,"Based only on how this person's voice sounds, does this speaker show signs of depression? Answer with one word, Yes or No."
conflict_468_c003835,468,conflict,0.3777820399,0.9969615042,"Based only on how this person's voice sounds, does this speaker show signs of depression? Answer with one word, Yes or No."
conflict_468_c003844,468,conflict,0.3347700780,0.9954126477,"Based only on how this person's voice sounds, does this speaker show signs of depression? Answer with one word, Yes or No."
conflict_468_c003845,468,conflict,0.3075796250,0.9940584600,"Based only on how this person's voice sounds, does this speaker show signs of depression? Answer with one word, Yes or No."
conflict_469_c003865,469,conflict,0.0758982966,0.9967182428,"Based only on how this person's voice sounds, does this speaker show signs of depression? Answer with one word, Yes or No."
conflict_469_c003873,469,conflict,0.3347798408,0.9968668818,"Based only on how this person's voice sounds, does this speaker show signs of depression? Answer with one word, Yes or No."
conflict_469_c003874,469,conflict,0.3777226413,0.9945796728,"Based only on how this person's voice sounds, does this speaker show signs of depression? Answer with one word, Yes or No."
conflict_469_c003878,469,conflict,0.3924989612,0.9952565432,"Based only on how this person's voice sounds, does this speaker show signs of depression? Answer with one word, Yes or No."
conflict_469_c003882,469,conflict,0.5929472326,0.9959628284,"Based only on how this person's voice sounds, does this speaker show signs of depression? Answer with one word, Yes or No."
conflict_469_c003883,469,conflict,0.2452876563,0.9959729016,"Based only on how this person's voice sounds, does this speaker show signs of depression? Answer with one word, Yes or No."
conflict_469_c003886,469,conflict,0.8872958737,0.9973632544,"Based only on how this person's voice sounds, does this speaker show signs of depression? Answer with one word, Yes or No."
conflict_469_c003887,469,conflict,0.7983104136,0.9961704165,"Based only on how this person's voice sounds, does this speaker show signs of depression? Answer with one word, Yes or No."
conflict_470_c003896,470,conflict,0.2570425421,0.9954286516,"Based only on how this person's voice sounds, does this speaker show signs of depression? Answer with one word, Yes or No."
conflict_470_c003901,470,conflict,0.4847117903,0.9961525500,"Based only on how this person's voice sounds, does this speaker show signs of depression? Answer with one word, Yes or No."
conflict_470_c003907,470,conflict,0.4381383937,0.9958014488,"Based only on how this person's voice sounds, does this speaker show signs of depression? Answer with one word, Yes or No."
conflict_470_c003911,470,conflict,0.7313174933,0.9965972006,"Based only on how this person's voice sounds, does this speaker show signs of depression? Answer with one word, Yes or No."
conflict_470_c003914,470,conflict,0.2019866006,0.9947005659,"Based only on how this person's voice sounds, does this speaker show signs of depression? Answer with one word, Yes or No."
conflict_471_c003923,471,conflict,0.3075760845,0.9936202168,"Based only on how this person's voice sounds, does this speaker show signs of depression? Answer with one word, Yes or No."
conflict_471_c003927,471,conflict,0.8872722421,0.9963806793,"Based only on how this person's voice sounds, does this speaker show signs of depression? Answer with one word, Yes or No."
conflict_471_c003929,471,conflict,0.7433366004,0.9955505431,"Based only on how this person's voice sounds, does this speaker show signs of depression? Answer with one word, Yes or No."
conflict_471_c003932,471,conflict,0.2569934829,0.9943798184,"Based only on how this person's voice sounds, does this speaker show signs of depression? Answer with one word, Yes or No."
conflict_472_c003940,472,conflict,0.1734443506,0.9964526147,"Based only on how this person's voice sounds, does this speaker show signs of depression? Answer with one word, Yes or No."
conflict_472_c003942,472,conflict,0.2453537068,0.9947942048,"Based only on how this person's voice sounds, does this speaker show signs of depression? Answer with one word, Yes or No."
conflict_472_c003944,472,conflict,0.3210054997,0.9972324967,"Based only on how this person's voice sounds, does this speaker show signs of depression? Answer with one word, Yes or No."
conflict_472_c003946,472,conflict,0.3925702946,0.9972437024,"Based only on how this person's voice sounds, does this speaker show signs of depression? Answer with one word, Yes or No."
conflict_472_c003952,472,conflict,0.2228765606,0.9960928112,"Based only on how this person's voice sounds, does this speaker show signs of depression? Answer with one word, Yes or No."
conflict_474_c003970,474,conflict,0.2122450033,0.9967062175,"Based only on how this person's voice sounds, does this speaker show signs of depression? Answer with one word, Yes or No."
conflict_474_c003971,474,conflict,0.4535024976,0.9953446388,"Based only on how this person's voice sounds, does this speaker show signs of depression? Answer with one word, Yes or No."
conflict_474_c003972,474,conflict,0.1920547558,0.9965755343,"Based only on how this person's voice sounds, does this speaker show signs of depression? Answer with one word, Yes or No."
conflict_474_c003974,474,conflict,0.5159203006,0.9965272248,"Based only on how this person's voice sounds, does this speaker show signs of depression? Answer with one word, Yes or No."
conflict_474_c003978,474,conflict,0.3925790838,0.9952794909,"Based only on how this person's voice sounds, does this speaker show signs of depression? Answer with one word, Yes or No."
conflict_474_c003980,474,conflict,0.2943104839,0.9963726997,"Based only on how this person's voice sounds, does this speaker show signs of depression? Answer with one word, Yes or No."
conflict_476_c003996,476,conflict,0.5624186247,0.9976186752,"Based only on how this person's voice sounds, does this speaker show signs of depression? Answer with one word, Yes or No."
conflict_476_c004000,476,conflict,0.6226307912,0.9969517291,"Based only on how this person's voice sounds, does this speaker show signs of depression? Answer with one word, Yes or No."
conflict_476_c004005,476,conflict,0.5777807955,0.9976790547,"Based only on how this person's voice sounds, does this speaker show signs of depression? Answer with one word, Yes or No."
conflict_477_c004014,477,conflict,0.1561993689,0.9972086251,"Based only on how this person's voice sounds, does this speaker show signs of depression? Answer with one word, Yes or No."
conflict_477_c004018,477,conflict,0.4845704806,0.9972808957,"Based only on how this person's voice sounds, does this speaker show signs of depression? Answer with one word, Yes or No."
conflict_477_c004019,477,conflict,0.2570612975,0.9960112870,"Based only on how this person's voice sounds, does this speaker show signs of depression? Answer with one word, Yes or No."
conflict_477_c004026,477,conflict,0.0901530936,0.9961486906,"Based only on how this person's voice sounds, does this speaker show signs of depression? Answer with one word, Yes or No."
conflict_477_c004028,477,conflict,0.3778135161,0.9941999614,"Based only on how this person's voice sounds, does this speaker show signs of depression? Answer with one word, Yes or No."
conflict_477_c004033,477,conflict,0.2228842278,0.9959934950,"Based only on how this person's voice sounds, does this speaker show signs of depression? Answer with one word, Yes or No."
conflict_477_c004034,477,conflict,0.1404305905,0.9963872135,"Based only on how this person's voice sounds, does this speaker show signs of depression? Answer with one word, Yes or No."
conflict_477_c004035,477,conflict,0.2944719198,0.9953674972,"Based only on how this person's voice sounds, does this speaker show signs of depression? Answer with one word, Yes or No."
conflict_478_c004044,478,conflict,0.2122286242,0.9957708120,"Based only on how this person's voice sounds, does this speaker show signs of depression? Answer with one word, Yes or No."
conflict_478_c004049,478,conflict,0.5623868556,0.9955232143,"Based only on how this person's voice sounds, does this speaker show signs of depression? Answer with one word, Yes or No."
conflict_478_c004055,478,conflict,0.4227120959,0.9952188432,"Based only on how this person's voice sounds, does this speaker show signs of depression? Answer with one word, Yes or No."
conflict_478_c004058,478,conflict,0.8671379359,0.9973921478,"Based only on how this person's voice sounds, does this speaker show signs of depression? Answer with one word, Yes or No."
conflict_480_c004083,480,conflict,0.2815466157,0.9963871837,"Based only on how this person's voice sounds, does this speaker show signs of depression? Answer with one word, Yes or No."
conflict_480_c004086,480,conflict,0.3926529537,0.9955348969,"Based only on how this person's voice sounds, does this speaker show signs of depression? Answer with one word, Yes or No."
conflict_480_c004093,480,conflict,0.0901754426,0.9973386228,"Based only on how this person's voice sounds, does this speaker show signs of depression? Answer with one word, Yes or No."
conflict_482_c004134,482,conflict,0.1921189325,0.9949450940,"Based only on how this person's voice sounds, does this speaker show signs of depression? Answer with one word, Yes or No."
conflict_482_c004143,482,conflict,0.2020017007,0.9958918393,"Based only on how this person's voice sounds, does this speaker show signs of depression? Answer with one word, Yes or No."
conflict_482_c004146,482,conflict,0.2452909530,0.9946212173,"Based only on how this person's voice sounds, does this speaker show signs of depression? Answer with one word, Yes or No."
conflict_485_c004226,485,conflict,0.6373049371,0.9973493218,"Based only on how this person's voice sounds, does this speaker show signs of depression? Answer with one word, Yes or No."
conflict_486_c004237,486,conflict,0.5778986284,0.9961507916,"Based only on how this person's voice sounds, does this speaker show signs of depression? Answer with one word, Yes or No."
conflict_486_c004240,486,conflict,0.8269192214,0.9969196171,"Based only on how this person's voice sounds, does this speaker show signs of depression? Answer with one word, Yes or No."
conflict_487_c004249,487,conflict,0.2338707688,0.9968626797,"Based only on how this person's voice sounds, does this speaker show signs of depression? Answer with one word, Yes or No."
conflict_487_c004252,487,conflict,0.3631627111,0.9971254468,"Based only on how this person's voice sounds, does this speaker show signs of depression? Answer with one word, Yes or No."
conflict_487_c004260,487,conflict,0.6794159853,0.9966849983,"Based only on how this person's voice sounds, does this speaker show signs of depression? Answer with one word, Yes or No."
conflict_487_c004262,487,conflict,0.4846731269,0.9946430027,"Based only on how this person's voice sounds, does this speaker show signs of depression? Answer with one word, Yes or No."
conflict_488_c004281,488,conflict,0.2816906015,0.9950490594,"Based only on how this person's voice sounds, does this speaker show signs of depression? Answer with one word, Yes or No."
conflict_488_c004282,488,conflict,0.3488417230,0.9949961603,"Based only on how this person's voice sounds, does this speaker show signs of depression? Answer with one word, Yes or No."
conflict_488_c004283,488,conflict,0.2122435685,0.9947316200,"Based only on how this person's voice sounds, does this speaker show signs of depression? Answer with one word, Yes or No."
conflict_488_c004284,488,conflict,0.5160213173,0.9950934350,"Based only on how this person's voice sounds, does this speaker show signs of depression? Answer with one word, Yes or No."
conflict_488_c004293,488,conflict,0.2452631696,0.9934927076,"Based only on how this person's voice sounds, does this speaker show signs of depression? Answer with one word, Yes or No."
conflict_488_c004294,488,conflict,0.2945353579,0.9952707887,"Based only on how this person's voice sounds, does this speaker show signs of depression? Answer with one word, Yes or No."
conflict_488_c004295,488,conflict,0.5928994002,0.9968471229,"Based only on how this person's voice sounds, does this speaker show signs of depression? Answer with one word, Yes or No."
conflict_489_c004304,489,conflict,0.2815633078,0.9955866635,"Based only on how this person's voice sounds, does this speaker show signs of depression? Answer with one word, Yes or No."
conflict_489_c004308,489,conflict,0.3075357564,0.9968827367,"Based only on how this person's voice sounds, does this speaker show signs of depression? Answer with one word, Yes or No."
conflict_490_c004316,490,conflict,0.1920461348,0.9961248487,"Based only on how this person's voice sounds, does this speaker show signs of depression? Answer with one word, Yes or No."
conflict_492_c004351,492,conflict,0.1646537245,0.9969789833,"Based only on how this person's voice sounds, does this speaker show signs of depression? Answer with one word, Yes or No."
conflict_603_c004422,603,conflict,0.7983766648,0.9955702275,"Based only on how this person's voice sounds, does this speaker show signs of depression? Answer with one word, Yes or No."
conflict_603_c004429,603,conflict,0.8268812911,0.9965005517,"Based only on how this person's voice sounds, does this speaker show signs of depression? Answer with one word, Yes or No."
conflict_603_c004430,603,conflict,0.8873069660,0.9970721453,"Based only on how this person's voice sounds, does this speaker show signs of depression? Answer with one word, Yes or No."
conflict_603_c004434,603,conflict,0.0803928997,0.9975996315,"Based only on how this person's voice sounds, does this speaker show signs of depression? Answer with one word, Yes or No."
conflict_603_c004435,603,conflict,0.4689758708,0.9952295423,"Based only on how this person's voice sounds, does this speaker show signs of depression? Answer with one word, Yes or No."
conflict_603_c004436,603,conflict,0.4690719780,0.9958543777,"Based only on how this person's voice sounds, does this speaker show signs of depression? Answer with one word, Yes or No."
conflict_603_c004438,603,conflict,0.5928705064,0.9951405525,"Based only on how this person's voice sounds, does this speaker show signs of depression? Answer with one word, Yes or No."
conflict_605_c004454,605,conflict,0.0953897900,0.9975895584,"Based only on how this person's voice sounds, does this speaker show signs of depression? Answer with one word, Yes or No."
conflict_608_c004488,608,conflict,0.2122384883,0.9938743711,"Based only on how this person's voice sounds, does this speaker show signs of depression? Answer with one word, Yes or No."
conflict_608_c004491,608,conflict,0.1824999665,0.9962273985,"Based only on how this person's voice sounds, does this speaker show signs of depression? Answer with one word, Yes or No."
conflict_608_c004498,608,conflict,0.2228525701,0.9944332540,"Based only on how this person's voice sounds, does this speaker show signs of depression? Answer with one word, Yes or No."
conflict_608_c004506,608,conflict,0.8177043716,0.9964593947,"Based only on how this person's voice sounds, does this speaker show signs of depression? Answer with one word, Yes or No."
conflict_608_c004508,608,conflict,0.3488135826,0.9956728816,"Based only on how this person's voice sounds, does this speaker show signs of depression? Answer with one word, Yes or No."
conflict_608_c004509,608,conflict,0.2019703063,0.9944260120,"Based only on how this person's voice sounds, does this speaker show signs of depression? Answer with one word, Yes or No."
conflict_608_c004510,608,conflict,0.8520720841,0.9973498881,"Based only on how this person's voice sounds, does this speaker show signs of depression? Answer with one word, Yes or No."
conflict_608_c004511,608,conflict,0.7188225144,0.9967415333,"Based only on how this person's voice sounds, does this speaker show signs of depression? Answer with one word, Yes or No."
conflict_608_c004516,608,conflict,0.8521408861,0.9958420247,"Based only on how this person's voice sounds, does this speaker show signs of depression? Answer with one word, Yes or No."
conflict_608_c004518,608,conflict,0.8873337283,0.9971536472,"Based only on how this person's voice sounds, does this speaker show signs of depression? Answer with one word, Yes or No."
conflict_609_c004530,609,conflict,0.2020211153,0.9962756485,"Based only on how this person's voice sounds, does this speaker show signs of depression? Answer with one word, Yes or No."
conflict_609_c004531,609,conflict,0.3631418335,0.9959268868,"Based only on how this person's voice sounds, does this speaker show signs of depression? Answer with one word, Yes or No."
conflict_609_c004532,609,conflict,0.6079216895,0.9950189888,"Based only on how this person's voice sounds, does this speaker show signs of depression? Answer with one word, Yes or No."
conflict_609_c004533,609,conflict,0.4534688177,0.9953966141,"Based only on how this person's voice sounds, does this speaker show signs of depression? Answer with one word, Yes or No."
conflict_609_c004534,609,conflict,0.4689874912,0.9956346452,"Based only on how this person's voice sounds, does this speaker show signs of depression? Answer with one word, Yes or No."
conflict_609_c004540,609,conflict,0.6374416429,0.9980450571,"Based only on how this person's voice sounds, does this speaker show signs of depression? Answer with one word, Yes or No."
conflict_609_c004545,609,conflict,0.2453195717,0.9949682206,"Based only on how this person's voice sounds, does this speaker show signs of depression? Answer with one word, Yes or No."
conflict_612_c004554,612,conflict,0.1068079015,0.9955231547,"Based only on how this person's voice sounds, does this speaker show signs of depression? Answer with one word, Yes or No."
conflict_612_c004562,612,conflict,0.4689996493,0.9950277209,"Based only on how this person's voice sounds, does this speaker show signs of depression? Answer with one word, Yes or No."
conflict_612_c004568,612,conflict,0.2816061871,0.9952934682,"Based only on how this person's voice sounds, does this speaker show signs of depression? Answer with one word, Yes or No."
conflict_615_c004587,615,conflict,0.4846911127,0.9961288869,"Based only on how this person's voice sounds, does this speaker show signs of depression? Answer with one word, Yes or No."
conflict_615_c004594,615,conflict,0.2338978187,0.9953617454,"Based only on how this person's voice sounds, does this speaker show signs of depression? Answer with one word, Yes or No."
conflict_615_c004596,615,conflict,0.5624903273,0.9971163869,"Based only on how this person's voice sounds, does this speaker show signs of depression? Answer with one word, Yes or No."
conflict_615_c004598,615,conflict,0.6656115404,0.9954197109,"Based only on how this person's voice sounds, does this speaker show signs of depression? Answer with one word, Yes or No."
conflict_615_c004599,615,conflict,0.5624306279,0.9960565865,"Based only on how this person's voice sounds, does this speaker show signs of depression? Answer with one word, Yes or No."
conflict_620_c004678,620,conflict,0.1646359973,0.9972562194,"Based only on how this person's voice sounds, does this speaker show signs of depression? Answer with one word, Yes or No."
conflict_620_c004692,620,conflict,0.1330801752,0.9970714599,"Based only on how this person's voice sounds, does this speaker show signs of depression? Answer with one word, Yes or No."
conflict_622_c004706,622,conflict,0.6080187194,0.9965235889,"Based only on how this person's voice sounds, does this speaker show signs of depression? Answer with one word, Yes or No."
conflict_622_c004707,622,conflict,0.8179292670,0.9976902306,"Based only on how this person's voice sounds, does this speaker show signs of depression? Answer with one word, Yes or No."
conflict_624_c004751,624,conflict,0.3074777914,0.9964667261,"Based only on how this person's voice sounds, does this speaker show signs of depression? Answer with one word, Yes or No."
conflict_624_c004757,624,conflict,0.7882187620,0.9968997985,"Based only on how this person's voice sounds, does this speaker show signs of depression? Answer with one word, Yes or No."
conflict_624_c004762,624,conflict,0.4380936878,0.9968729317,"Based only on how this person's voice sounds, does this speaker show signs of depression? Answer with one word, Yes or No."
conflict_625_c004777,625,conflict,0.6655865029,0.9962950945,"Based only on how this person's voice sounds, does this speaker show signs of depression? Answer with one word, Yes or No."
conflict_625_c004778,625,conflict,0.5928179627,0.9956289232,"Based only on how this person's voice sounds, does this speaker show signs of depression? Answer with one word, Yes or No."
conflict_625_c004779,625,conflict,0.3632909074,0.9974160790,"Based only on how this person's voice sounds, does this speaker show signs of depression? Answer with one word, Yes or No."
conflict_627_c004811,627,conflict,0.2339028360,0.9956789315,"Based only on how this person's voice sounds, does this speaker show signs of depression? Answer with one word, Yes or No."
conflict_627_c004815,627,conflict,0.4690311110,0.9966020286,"Based only on how this person's voice sounds, does this speaker show signs of depression? Answer with one word, Yes or No."
conflict_627_c004824,627,conflict,0.8355880399,0.9979107380,"Based only on how this person's voice sounds, does this speaker show signs of depression? Answer with one word, Yes or No."
conflict_627_c004825,627,conflict,0.8934297706,0.9982758164,"Based only on how this person's voice sounds, does this speaker show signs of depression? Answer with one word, Yes or No."
conflict_628_c004846,628,conflict,0.3076274049,0.9955111742,"Based only on how this person's voice sounds, does this speaker show signs of depression? Answer with one word, Yes or No."
conflict_628_c004848,628,conflict,0.4380599640,0.9950657189,"Based only on how this person's voice sounds, does this speaker show signs of depression? Answer with one word, Yes or No."
conflict_628_c004849,628,conflict,0.1646520605,0.9969691485,"Based only on how this person's voice sounds, does this speaker show signs of depression? Answer with one word, Yes or No."
conflict_629_c004865,629,conflict,0.0805042931,0.9965901002,"Based only on how this person's voice sounds, does this speaker show signs of depression? Answer with one word, Yes or No."
conflict_629_c004876,629,conflict,0.1481671074,0.9961258173,"Based only on how this person's voice sounds, does this speaker show signs of depression? Answer with one word, Yes or No."
conflict_629_c004877,629,conflict,0.7187805743,0.9973210394,"Based only on how this person's voice sounds, does this speaker show signs of depression? Answer with one word, Yes or No."
conflict_632_c004906,632,conflict,0.1330718580,0.9971972704,"Based only on how this person's voice sounds, does this speaker show signs of depression? Answer with one word, Yes or No."
conflict_632_c004919,632,conflict,0.2122703296,0.9954262078,"Based only on how this person's voice sounds, does this speaker show signs of depression? Answer with one word, Yes or No."
conflict_632_c004920,632,conflict,0.2338030242,0.9972223938,"Based only on how this person's voice sounds, does this speaker show signs of depression? Answer with one word, Yes or No."
conflict_632_c004923,632,conflict,0.3925953733,0.9952151179,"Based only on how this person's voice sounds, does this speaker show signs of depression? Answer with one word, Yes or No."
conflict_632_c004924,632,conflict,0.1826309525,0.9965544045,"Based only on how this person's voice sounds, does this speaker show signs of depression? Answer with one word, Yes or No."
conflict_634_c004970,634,conflict,0.4690134306,0.9973255396,"Based only on how this person's voice sounds, does this speaker show signs of depression? Answer with one word, Yes or No."
conflict_634_c004977,634,conflict,0.4227461228,0.9961806834,"Based only on how this person's voice sounds, does this speaker show signs of depression? Answer with one word, Yes or No."
conflict_636_c004995,636,conflict,0.1009738275,0.9974092767,"Based only on how this person's voice sounds, does this speaker show signs of depression? Answer with one word, Yes or No."
conflict_636_c004996,636,conflict,0.1734547947,0.9975416362,"Based only on how this person's voice sounds, does this speaker show signs of depression? Answer with one word, Yes or No."
conflict_636_c004997,636,conflict,0.1128666217,0.9964114726,"Based only on how this person's voice sounds, does this speaker show signs of depression? Answer with one word, Yes or No."
conflict_636_c004999,636,conflict,0.0396758395,0.9983393997,"Based only on how this person's voice sounds, does this speaker show signs of depression? Answer with one word, Yes or No."
conflict_636_c005000,636,conflict,0.1192711376,0.9961686060,"Based only on how this person's voice sounds, does this speaker show signs of depression? Answer with one word, Yes or No."
conflict_636_c005031,636,conflict,0.1562330188,0.9977571517,"Based only on how this person's voice sounds, does this speaker show signs of depression? Answer with one word, Yes or No."
conflict_636_c005034,636,conflict,0.1260361170,0.9976861775,"Based only on how this person's voice sounds, does this speaker show signs of depression? Answer with one word, Yes or No."
conflict_637_c005039,637,conflict,0.2692035859,0.9977576137,"Based only on how this person's voice sounds, does this speaker show signs of depression? Answer with one word, Yes or No."
conflict_637_c005040,637,conflict,0.2019603065,0.9975527972,"Based only on how this person's voice sounds, does this speaker show signs of depression? Answer with one word, Yes or No."
conflict_637_c005044,637,conflict,0.3209931345,0.9966083765,"Based only on how this person's voice sounds, does this speaker show signs of depression? Answer with one word, Yes or No."
conflict_637_c005045,637,conflict,0.1733809506,0.9982168525,"Based only on how this person's voice sounds, does this speaker show signs of depression? Answer with one word, Yes or No."
conflict_637_c005057,637,conflict,0.3777557327,0.9966064095,"Based only on how this person's voice sounds, does this speaker show signs of depression? Answer with one word, Yes or No."
conflict_637_c005058,637,conflict,0.2339028565,0.9975767285,"Based only on how this person's voice sounds, does this speaker show signs of depression? Answer with one word, Yes or No."
conflict_638_c005059,638,conflict,0.2340589484,0.9941938221,"Based only on how this person's voice sounds, does this speaker show signs of depression? Answer with one word, Yes or No."
conflict_640_c005068,640,conflict,0.0851434154,0.9975432828,"Based only on how this person's voice sounds, does this speaker show signs of depression? Answer with one word, Yes or No."
conflict_640_c005069,640,conflict,0.0474405692,0.9979438260,"Based only on how this person's voice sounds, does this speaker show signs of depression? Answer with one word, Yes or No."
conflict_640_c005070,640,conflict,0.1404410110,0.9967885166,"Based only on how this person's voice sounds, does this speaker show signs of depression? Answer with one word, Yes or No."
conflict_640_c005072,640,conflict,0.0954322254,0.9951168746,"Based only on how this person's voice sounds, does this speaker show signs of depression? Answer with one word, Yes or No."
conflict_640_c005081,640,conflict,0.1825904389,0.9960930198,"Based only on how this person's voice sounds, does this speaker show signs of depression? Answer with one word, Yes or No."
conflict_640_c005082,640,conflict,0.1067325305,0.9969605207,"Based only on how this person's voice sounds, does this speaker show signs of depression? Answer with one word, Yes or No."
conflict_640_c005083,640,conflict,0.1128660055,0.9973500669,"Based only on how this person's voice sounds, does this speaker show signs of depression? Answer with one word, Yes or No."
conflict_640_c005084,640,conflict,0.0675764542,0.9974851981,"Based only on how this person's voice sounds, does this speaker show signs of depression? Answer with one word, Yes or No."
conflict_641_c005085,641,conflict,0.1482777151,0.9949673116,"Based only on how this person's voice sounds, does this speaker show signs of depression? Answer with one word, Yes or No."
conflict_641_c005086,641,conflict,0.1259803767,0.9973044842,"Based only on how this person's voice sounds, does this speaker show signs of depression? Answer with one word, Yes or No."
conflict_641_c005093,641,conflict,0.2229476890,0.9950811863,"Based only on how this person's voice sounds, does this speaker show signs of depression? Answer with one word, Yes or No."
conflict_641_c005094,641,conflict,0.0953986837,0.9977592826,"Based only on how this person's voice sounds, does this speaker show signs of depression? Answer with one word, Yes or No."
conflict_649_c005115,649,conflict,0.5469411648,0.9946941733,"Based only on how this person's voice sounds, does this speaker show signs of depression? Answer with one word, Yes or No."
conflict_649_c005116,649,conflict,0.0566928319,0.9982509166,"Based only on how this person's voice sounds, does this speaker show signs of depression? Answer with one word, Yes or No."
conflict_649_c005118,649,conflict,0.2816381144,0.9969581664,"Based only on how this person's voice sounds, does this speaker show signs of depression? Answer with one word, Yes or No."
conflict_650_c005125,650,conflict,0.6373580066,0.9963331521,"Based only on how this person's voice sounds, does this speaker show signs of depression? Answer with one word, Yes or No."
conflict_650_c005129,650,conflict,0.6226700579,0.9959195554,"Based only on how this person's voice sounds, does this speaker show signs of depression? Answer with one word, Yes or No."
conflict_650_c005131,650,conflict,0.5315178035,0.9946901500,"Based only on how this person's voice sounds, does this speaker show signs of depression? Answer with one word, Yes or No."
conflict_650_c005136,650,conflict,0.2570159920,0.9934419692,"Based only on how this person's voice sounds, does this speaker show signs of depression? Answer with one word, Yes or No."
conflict_659_c005270,659,conflict,0.1561984867,0.9959779829,"Based only on how this person's voice sounds, does this speaker show signs of depression? Answer with one word, Yes or No."
conflict_659_c005272,659,conflict,0.5468787300,0.9962319136,"Based only on how this person's voice sounds, does this speaker show signs of depression? Answer with one word, Yes or No."
conflict_659_c005279,659,conflict,0.1825279271,0.9968350828,"Based only on how this person's voice sounds, does this speaker show signs of depression? Answer with one word, Yes or No."
conflict_659_c005280,659,conflict,0.0675874135,0.9983285889,"Based only on how this person's voice sounds, does this speaker show signs of depression? Answer with one word, Yes or No."
conflict_659_c005281,659,conflict,0.2018985970,0.9977279454,"Based only on how this person's voice sounds, does this speaker show signs of depression? Answer with one word, Yes or No."
conflict_659_c005284,659,conflict,0.2019327536,0.9972483665,"Based only on how this person's voice sounds, does this speaker show signs of depression? Answer with one word, Yes or No."
conflict_659_c005285,659,conflict,0.0373418025,0.9983646236,"Based only on how this person's voice sounds, does this speaker show signs of depression? Answer with one word, Yes or No."
conflict_659_c005286,659,conflict,0.6079438520,0.9967989624,"Based only on how this person's voice sounds, does this speaker show signs of depression? Answer with one word, Yes or No."
conflict_659_c005297,659,conflict,0.5158083635,0.9973330498,"Based only on how this person's voice sounds, does this speaker show signs of depression? Answer with one word, Yes or No."
conflict_659_c005299,659,conflict,0.2451977921,0.9965030402,"Based only on how this person's voice sounds, does this speaker show signs of depression? Answer with one word, Yes or No."
conflict_660_c005309,660,conflict,0.2228390520,0.9957275242,"Based only on how this person's voice sounds, does this speaker show signs of depression? Answer with one word, Yes or No."
conflict_660_c005310,660,conflict,0.8177436062,0.9973693490,"Based only on how this person's voice sounds, does this speaker show signs of depression? Answer with one word, Yes or No."
conflict_660_c005311,660,conflict,0.4691188067,0.9946309626,"Based only on how this person's voice sounds, does this speaker show signs of depression? Answer with one word, Yes or No."
conflict_660_c005315,660,conflict,0.9433880062,0.9981736541,"Based only on how this person's voice sounds, does this speaker show signs of depression? Answer with one word, Yes or No."
conflict_660_c005317,660,conflict,0.5778632827,0.9921148419,"Based only on how this person's voice sounds, does this speaker show signs of depression? Answer with one word, Yes or No."
conflict_660_c005321,660,conflict,0.7188167432,0.9955915511,"Based only on how this person's voice sounds, does this speaker show signs of depression? Answer with one word, Yes or No."
conflict_661_c005327,661,conflict,0.0804345035,0.9960795343,"Based only on how this person's voice sounds, does this speaker show signs of depression? Answer with one word, Yes or No."
conflict_661_c005333,661,conflict,0.4075614456,0.9959734678,"Based only on how this person's voice sounds, does this speaker show signs of depression? Answer with one word, Yes or No."
conflict_661_c005337,661,conflict,0.2121785554,0.9966452271,"Based only on how this person's voice sounds, does this speaker show signs of depression? Answer with one word, Yes or No."
conflict_661_c005359,661,conflict,0.3210428376,0.9967460334,"Based only on how this person's voice sounds, does this speaker show signs of depression? Answer with one word, Yes or No."
conflict_662_c005369,662,conflict,0.7061075857,0.9952640533,"Based only on how this person's voice sounds, does this speaker show signs of depression? Answer with one word, Yes or No."
conflict_667_c005464,667,conflict,0.3633481389,0.9961986840,"Based only on how this person's voice sounds, does this speaker show signs of depression? Answer with one word, Yes or No."
conflict_667_c005467,667,conflict,0.5315027436,0.9959820807,"Based only on how this person's voice sounds, does this speaker show signs of depression? Answer with one word, Yes or No."
conflict_667_c005468,667,conflict,0.6226728380,0.9948457778,"Based only on how this person's voice sounds, does this speaker show signs of depression? Answer with one word, Yes or No."
conflict_667_c005469,667,conflict,0.5002879944,0.9942060411,"Based only on how this person's voice sounds, does this speaker show signs of depression? Answer with one word, Yes or No."
conflict_667_c005472,667,conflict,0.2691443772,0.9962884784,"Based only on how this person's voice sounds, does this speaker show signs of depression? Answer with one word, Yes or No."
conflict_670_c005526,670,conflict,0.5929339127,0.9965991080,"Based only on how this person's voice sounds, does this speaker show signs of depression? Answer with one word, Yes or No."
conflict_670_c005527,670,conflict,0.5778614672,0.9957516193,"Based only on how this person's voice sounds, does this speaker show signs of depression? Answer with one word, Yes or No."
conflict_680_c005600,680,conflict,0.0901630934,0.9971208870,"Based only on how this person's voice sounds, does this speaker show signs of depression? Answer with one word, Yes or No."
conflict_680_c005612,680,conflict,0.1009435248,0.9968069643,"Based only on how this person's voice sounds, does this speaker show signs of depression? Answer with one word, Yes or No."
conflict_680_c005616,680,conflict,0.1192665191,0.9980239347,"Based only on how this person's voice sounds, does this speaker show signs of depression? Answer with one word, Yes or No."
conflict_680_c005620,680,conflict,0.3075501338,0.9964468777,"Based only on how this person's voice sounds, does this speaker show signs of depression? Answer with one word, Yes or No."
conflict_680_c005624,680,conflict,0.2691878947,0.9971554875,"Based only on how this person's voice sounds, does this speaker show signs of depression? Answer with one word, Yes or No."
conflict_680_c005627,680,conflict,0.3924677454,0.9953552186,"Based only on how this person's voice sounds, does this speaker show signs of depression? Answer with one word, Yes or No."
conflict_680_c005628,680,conflict,0.6079355238,0.9934600890,"Based only on how this person's voice sounds, does this speaker show signs of depression? Answer with one word, Yes or No."
conflict_680_c005629,680,conflict,0.7880606971,0.9979428500,"Based only on how this person's voice sounds, does this speaker show signs of depression? Answer with one word, Yes or No."
conflict_684_c005693,684,conflict,0.5314154112,0.9965153337,"Based only on how this person's voice sounds, does this speaker show signs of depression? Answer with one word, Yes or No."
conflict_684_c005694,684,conflict,0.2944020223,0.9975906610,"Based only on how this person's voice sounds, does this speaker show signs of depression? Answer with one word, Yes or No."
conflict_688_c005730,688,conflict,0.6515482957,0.9976732135,"Based only on how this person's voice sounds, does this speaker show signs of depression? Answer with one word, Yes or No."
conflict_688_c005735,688,conflict,0.2122034877,0.9973061085,"Based only on how this person's voice sounds, does this speaker show signs of depression? Answer with one word, Yes or No."
conflict_688_c005750,688,conflict,0.5158921575,0.9949183166,"Based only on how this person's voice sounds, does this speaker show signs of depression? Answer with one word, Yes or No."
conflict_688_c005751,688,conflict,0.6079223018,0.9966612458,"Based only on how this person's voice sounds, does this speaker show signs of depression? Answer with one word, Yes or No."
conflict_688_c005752,688,conflict,0.1192860072,0.9974553958,"Based only on how this person's voice sounds, does this speaker show signs of depression? Answer with one word, Yes or No."
conflict_698_c005894,698,conflict,0.1260922398,0.9946523905,"Based only on how this person's voice sounds, does this speaker show signs of depression? Answer with one word, Yes or No."
conflict_698_c005895,698,conflict,0.0759072466,0.9978810400,"Based only on how this person's voice sounds, does this speaker show signs of depression? Answer with one word, Yes or No."
conflict_698_c005898,698,conflict,0.1192993673,0.9979356825,"Based only on how this person's voice sounds, does this speaker show signs of depression? Answer with one word, Yes or No."
conflict_698_c005899,698,conflict,0.1562166091,0.9967174977,"Based only on how this person's voice sounds, does this speaker show signs of depression? Answer with one word, Yes or No."
conflict_698_c005900,698,conflict,0.4226976578,0.9964734912,"Based only on how this person's voice sounds, does this speaker show signs of depression? Answer with one word, Yes or No."
conflict_698_c005901,698,conflict,0.2227985064,0.9974774420,"Based only on how this person's voice sounds, does this speaker show signs of depression? Answer with one word, Yes or No."
conflict_698_c005904,698,conflict,0.1330438538,0.9940335602,"Based only on how this person's voice sounds, does this speaker show signs of depression? Answer with one word, Yes or No."
conflict_698_c005909,698,conflict,0.1733821532,0.9976860136,"Based only on how this person's voice sounds, does this speaker show signs of depression? Answer with one word, Yes or No."
conflict_698_c005911,698,conflict,0.0601286747,0.9981007464,"Based only on how this person's voice sounds, does this speaker show signs of depression? Answer with one word, Yes or No."
conflict_698_c005913,698,conflict,0.2122807463,0.9971154034,"Based only on how this person's voice sounds, does this speaker show signs of depression? Answer with one word, Yes or No."
conflict_698_c005923,698,conflict,0.2228557552,0.9955412298,"Based only on how this person's voice sounds, does this speaker show signs of depression? Answer with one word, Yes or No."
conflict_698_c005927,698,conflict,0.1128726869,0.9968982115,"Based only on how this person's voice sounds, does this speaker show signs of depression? Answer with one word, Yes or No."
conflict_698_c005929,698,conflict,0.0851569348,0.9979256168,"Based only on how this person's voice sounds, does this speaker show signs of depression? Answer with one word, Yes or No."
conflict_702_c005944,702,conflict,0.1562104265,0.9970297664,"Based only on how this person's voice sounds, does this speaker show signs of depression? Answer with one word, Yes or No."
conflict_705_c005962,705,conflict,0.1404533009,0.9949702770,"Based only on how this person's voice sounds, does this speaker show signs of depression? Answer with one word, Yes or No."
conflict_705_c005963,705,conflict,0.1734360674,0.9966974705,"Based only on how this person's voice sounds, does this speaker show signs of depression? Answer with one word, Yes or No."
conflict_707_c005979,707,conflict,0.5158934209,0.9965727925,"Based only on how this person's voice sounds, does this speaker show signs of depression? Answer with one word, Yes or No."
conflict_708_c006002,708,conflict,0.2691443523,0.9961741865,"Based only on how this person's voice sounds, does this speaker show signs of depression? Answer with one word, Yes or No."
conflict_708_c006005,708,conflict,0.4075643737,0.9947353601,"Based only on how this person's voice sounds, does this speaker show signs of depression? Answer with one word, Yes or No."
conflict_712_c006052,712,conflict,0.1734456901,0.9950375855,"Based only on how this person's voice sounds, does this speaker show signs of depression? Answer with one word, Yes or No."
conflict_712_c006056,712,conflict,0.1920829709,0.9949941337,"Based only on how this person's voice sounds, does this speaker show signs of depression? Answer with one word, Yes or No."
conflict_712_c006059,712,conflict,0.3924988707,0.9964102209,"Based only on how this person's voice sounds, does this speaker show signs of depression? Answer with one word, Yes or No."
conflict_712_c006061,712,conflict,0.6515232278,0.9961096048,"Based only on how this person's voice sounds, does this speaker show signs of depression? Answer with one word, Yes or No."
conflict_712_c006071,712,conflict,0.4076204598,0.9971247613,"Based only on how this person's voice sounds, does this speaker show signs of depression? Answer with one word, Yes or No."
conflict_713_c006084,713,conflict,0.4689905767,0.9965458214,"Based only on how this person's voice sounds, does this speaker show signs of depression? Answer with one word, Yes or No."
conflict_713_c006086,713,conflict,0.4380424840,0.9967008531,"Based only on how this person's voice sounds, does this speaker show signs of depression? Answer with one word, Yes or No."
conflict_713_c006090,713,conflict,0.5314647460,0.9967179000,"Based only on how this person's voice sounds, does this speaker show signs of depression? Answer with one word, Yes or No."
conflict_713_c006092,713,conflict,0.9434127703,0.9978692718,"Based only on how this person's voice sounds, does this speaker show signs of depression? Answer with one word, Yes or No."
conflict_716_c006146,716,conflict,0.7188227333,0.9977106452,"Based only on how this person's voice sounds, does this speaker show signs of depression? Answer with one word, Yes or No."
conflict_716_c006158,716,conflict,0.0954285888,0.9983388484,"Based only on how this person's voice sounds, does this speaker show signs of depression? Answer with one word, Yes or No."
conflict_716_c006159,716,conflict,0.5315867706,0.9947879314,"Based only on how this person's voice sounds, does this speaker show signs of depression? Answer with one word, Yes or No."
conflict_716_c006160,716,conflict,0.2452290174,0.9967167377,"Based only on how this person's voice sounds, does this speaker show signs of depression? Answer with one word, Yes or No."
conflict_717_c006172,717,conflict,0.1646534317,0.9944716394,"Based only on how this person's voice sounds, does this speaker show signs of depression? Answer with one word, Yes or No."
conflict_717_c006173,717,conflict,0.5159091831,0.9942966104,"Based only on how this person's voice sounds, does this speaker show signs of depression? Answer with one word, Yes or No."
conflict_717_c006178,717,conflict,0.3488647923,0.9967866838,"Based only on how this person's voice sounds, does this speaker show signs of depression? Answer with one word, Yes or No."
conflict_717_c006179,717,conflict,0.8176762108,0.9974089116,"Based only on how this person's voice sounds, does this speaker show signs of depression? Answer with one word, Yes or No."
conflict_718_c006191,718,conflict,0.3210207454,0.9970133901,"Based only on how this person's voice sounds, does this speaker show signs of depression? Answer with one word, Yes or No."
conflict_718_c006203,718,conflict,0.3926147788,0.9955388606,"Based only on how this person's voice sounds, does this speaker show signs of depression? Answer with one word, Yes or No."
agreement_301_a000030,301,agreement,0.1404418248,0.9970239103,"Based only on how this person's voice sounds, does this speaker show signs of depression? Answer with one word, Yes or No."
agreement_301_a000018,301,agreement,0.0901705394,0.9971809983,"Based only on how this person's voice sounds, does this speaker show signs of depression? Answer with one word, Yes or No."
agreement_302_a000034,302,agreement,0.2122787894,0.9961733669,"Based only on how this person's voice sounds, does this speaker show signs of depression? Answer with one word, Yes or No."
agreement_302_a000043,302,agreement,0.3925144731,0.9947334826,"Based only on how this person's voice sounds, does this speaker show signs of depression? Answer with one word, Yes or No."
agreement_302_a000034,302,agreement,0.2122787894,0.9961733669,"Based only on how this person's voice sounds, does this speaker show signs of depression? Answer with one word, Yes or No."
agreement_303_a000049,303,agreement,0.0637490313,0.9978890121,"Based only on how this person's voice sounds, does this speaker show signs of depression? Answer with one word, Yes or No."
agreement_306_a000143,306,agreement,0.1259813188,0.9969696254,"Based only on how this person's voice sounds, does this speaker show signs of depression? Answer with one word, Yes or No."
agreement_306_a000141,306,agreement,0.1562574410,0.9947231561,"Based only on how this person's voice sounds, does this speaker show signs of depression? Answer with one word, Yes or No."
agreement_306_a000152,306,agreement,0.1128438643,0.9975960031,"Based only on how this person's voice sounds, does this speaker show signs of depression? Answer with one word, Yes or No."
agreement_307_a000155,307,agreement,0.1331336757,0.9955071956,"Based only on how this person's voice sounds, does this speaker show signs of depression? Answer with one word, Yes or No."
agreement_307_a000156,307,agreement,0.1067468640,0.9962347075,"Based only on how this person's voice sounds, does this speaker show signs of depression? Answer with one word, Yes or No."
agreement_307_a000167,307,agreement,0.2121720034,0.9969593883,"Based only on how this person's voice sounds, does this speaker show signs of depression? Answer with one word, Yes or No."
agreement_307_a000156,307,agreement,0.1067468640,0.9962347075,"Based only on how this person's voice sounds, does this speaker show signs of depression? Answer with one word, Yes or No."
agreement_308_a000193,308,agreement,0.9466937096,0.9977284446,"Based only on how this person's voice sounds, does this speaker show signs of depression? Answer with one word, Yes or No."
agreement_308_a000193,308,agreement,0.9466937096,0.9977284446,"Based only on how this person's voice sounds, does this speaker show signs of depression? Answer with one word, Yes or No."
agreement_308_a000189,308,agreement,0.8742143171,0.9973796457,"Based only on how this person's voice sounds, does this speaker show signs of depression? Answer with one word, Yes or No."
agreement_308_a000193,308,agreement,0.9466937096,0.9977284446,"Based only on how this person's voice sounds, does this speaker show signs of depression? Answer with one word, Yes or No."
agreement_308_a000193,308,agreement,0.9466937096,0.9977284446,"Based only on how this person's voice sounds, does this speaker show signs of depression? Answer with one word, Yes or No."
agreement_309_a000203,309,agreement,0.2945517378,0.9945061803,"Based only on how this person's voice sounds, does this speaker show signs of depression? Answer with one word, Yes or No."
agreement_309_a000203,309,agreement,0.2945517378,0.9945061803,"Based only on how this person's voice sounds, does this speaker show signs of depression? Answer with one word, Yes or No."
agreement_310_a000216,310,agreement,0.1331280205,0.9960194826,"Based only on how this person's voice sounds, does this speaker show signs of depression? Answer with one word, Yes or No."
agreement_310_a000216,310,agreement,0.1331280205,0.9960194826,"Based only on how this person's voice sounds, does this speaker show signs of depression? Answer with one word, Yes or No."
agreement_310_a000216,310,agreement,0.1331280205,0.9960194826,"Based only on how this person's voice sounds, does this speaker show signs of depression? Answer with one word, Yes or No."
agreement_310_a000216,310,agreement,0.1331280205,0.9960194826,"Based only on how this person's voice sounds, does this speaker show signs of depression? Answer with one word, Yes or No."
agreement_310_a000216,310,agreement,0.1331280205,0.9960194826,"Based only on how this person's voice sounds, does this speaker show signs of depression? Answer with one word, Yes or No."
agreement_310_a000216,310,agreement,0.1331280205,0.9960194826,"Based only on how this person's voice sounds, does this speaker show signs of depression? Answer with one word, Yes or No."
agreement_311_a000242,311,agreement,0.5314230346,0.9955352247,"Based only on how this person's voice sounds, does this speaker show signs of depression? Answer with one word, Yes or No."
agreement_311_a000242,311,agreement,0.5314230346,0.9955352247,"Based only on how this person's voice sounds, does this speaker show signs of depression? Answer with one word, Yes or No."
agreement_311_a000243,311,agreement,0.3926643672,0.9965361953,"Based only on how this person's voice sounds, does this speaker show signs of depression? Answer with one word, Yes or No."
agreement_312_a000262,312,agreement,0.1646332656,0.9978364706,"Based only on how this person's voice sounds, does this speaker show signs of depression? Answer with one word, Yes or No."
agreement_314_a000301,314,agreement,0.1128807826,0.9962260127,"Based only on how this person's voice sounds, does this speaker show signs of depression? Answer with one word, Yes or No."
agreement_314_a000310,314,agreement,0.1734798190,0.9953390807,"Based only on how this person's voice sounds, does this speaker show signs of depression? Answer with one word, Yes or No."
agreement_314_a000319,314,agreement,0.2122545752,0.9964014441,"Based only on how this person's voice sounds, does this speaker show signs of depression? Answer with one word, Yes or No."
agreement_314_a000305,314,agreement,0.1646368352,0.9977106601,"Based only on how this person's voice sounds, does this speaker show signs of depression? Answer with one word, Yes or No."
agreement_314_a000319,314,agreement,0.2122545752,0.9964014441,"Based only on how this person's voice sounds, does this speaker show signs of depression? Answer with one word, Yes or No."
agreement_314_a000305,314,agreement,0.1646368352,0.9977106601,"Based only on how this person's voice sounds, does this speaker show signs of depression? Answer with one word, Yes or No."
agreement_315_a000349,315,agreement,0.1481562707,0.9958819598,"Based only on how this person's voice sounds, does this speaker show signs of depression? Answer with one word, Yes or No."
agreement_315_a000351,315,agreement,0.1734039167,0.9960434735,"Based only on how this person's voice sounds, does this speaker show signs of depression? Answer with one word, Yes or No."
agreement_315_a000342,315,agreement,0.1734562125,0.9941125661,"Based only on how this person's voice sounds, does this speaker show signs of depression? Answer with one word, Yes or No."
agreement_315_a000342,315,agreement,0.1734562125,0.9941125661,"Based only on how this person's voice sounds, does this speaker show signs of depression? Answer with one word, Yes or No."
agreement_315_a000351,315,agreement,0.1734039167,0.9960434735,"Based only on how this person's voice sounds, does this speaker show signs of depression? Answer with one word, Yes or No."
agreement_318_a000394,318,agreement,0.2122049129,0.9952684194,"Based only on how this person's voice sounds, does this speaker show signs of depression? Answer with one word, Yes or No."
agreement_318_a000394,318,agreement,0.2122049129,0.9952684194,"Based only on how this person's voice sounds, does this speaker show signs of depression? Answer with one word, Yes or No."
agreement_321_a000435,321,agreement,0.9604169517,0.9981090166,"Based only on how this person's voice sounds, does this speaker show signs of depression? Answer with one word, Yes or No."
agreement_321_a000440,321,agreement,0.4075677011,0.9972098172,"Based only on how this person's voice sounds, does this speaker show signs of depression? Answer with one word, Yes or No."
agreement_321_a000436,321,agreement,0.9604289385,0.9982276931,"Based only on how this person's voice sounds, does this speaker show signs of depression? Answer with one word, Yes or No."
agreement_321_a000436,321,agreement,0.9604289385,0.9982276931,"Based only on how this person's voice sounds, does this speaker show signs of depression? Answer with one word, Yes or No."
agreement_323_a000472,323,agreement,0.0851620573,0.9980942830,"Based only on how this person's voice sounds, does this speaker show signs of depression? Answer with one word, Yes or No."
agreement_323_a000484,323,agreement,0.0396530756,0.9984905124,"Based only on how this person's voice sounds, does this speaker show signs of depression? Answer with one word, Yes or No."
agreement_326_a000542,326,agreement,0.4226895143,0.9967355132,"Based only on how this person's voice sounds, does this speaker show signs of depression? Answer with one word, Yes or No."
agreement_327_a000554,327,agreement,0.1734552886,0.9971120059,"Based only on how this person's voice sounds, does this speaker show signs of depression? Answer with one word, Yes or No."
agreement_327_a000555,327,agreement,0.1009786430,0.9974774048,"Based only on how this person's voice sounds, does this speaker show signs of depression? Answer with one word, Yes or No."
agreement_328_a000574,328,agreement,0.0851492782,0.9965009838,"Based only on how this person's voice sounds, does this speaker show signs of depression? Answer with one word, Yes or No."
agreement_328_a000566,328,agreement,0.0675838341,0.9966336861,"Based only on how this person's voice sounds, does this speaker show signs of depression? Answer with one word, Yes or No."
agreement_328_a000576,328,agreement,0.0759012250,0.9969610199,"Based only on how this person's voice sounds, does this speaker show signs of depression? Answer with one word, Yes or No."
agreement_328_a000572,328,agreement,0.0675796084,0.9969572946,"Based only on how this person's voice sounds, does this speaker show signs of depression? Answer with one word, Yes or No."
agreement_329_a000594,329,agreement,0.0567016154,0.9981745295,"Based only on how this person's voice sounds, does this speaker show signs of depression? Answer with one word, Yes or No."
agreement_329_a000593,329,agreement,0.0331093851,0.9981006533,"Based only on how this person's voice sounds, does this speaker show signs of depression? Answer with one word, Yes or No."
agreement_332_a000647,332,agreement,0.9688848714,0.9984370675,"Based only on how this person's voice sounds, does this speaker show signs of depression? Answer with one word, Yes or No."
agreement_332_a000652,332,agreement,0.1825365120,0.9969251007,"Based only on how this person's voice sounds, does this speaker show signs of depression? Answer with one word, Yes or No."
agreement_332_a000650,332,agreement,0.6227374479,0.9965798855,"Based only on how this person's voice sounds, does this speaker show signs of depression? Answer with one word, Yes or No."
agreement_332_a000650,332,agreement,0.6227374479,0.9965798855,"Based only on how this person's voice sounds, does this speaker show signs of depression? Answer with one word, Yes or No."
agreement_332_a000650,332,agreement,0.6227374479,0.9965798855,"Based only on how this person's voice sounds, does this speaker show signs of depression? Answer with one word, Yes or No."
agreement_332_a000652,332,agreement,0.1825365120,0.9969251007,"Based only on how this person's voice sounds, does this speaker show signs of depression? Answer with one word, Yes or No."
agreement_338_a000814,338,agreement,0.8178452472,0.9973360598,"Based only on how this person's voice sounds, does this speaker show signs of depression? Answer with one word, Yes or No."
agreement_338_a000814,338,agreement,0.8178452472,0.9973360598,"Based only on how this person's voice sounds, does this speaker show signs of depression? Answer with one word, Yes or No."
agreement_338_a000814,338,agreement,0.8178452472,0.9973360598,"Based only on how this person's voice sounds, does this speaker show signs of depression? Answer with one word, Yes or No."
agreement_338_a000814,338,agreement,0.8178452472,0.9973360598,"Based only on how this person's voice sounds, does this speaker show signs of depression? Answer with one word, Yes or No."
agreement_338_a000814,338,agreement,0.8178452472,0.9973360598,"Based only on how this person's voice sounds, does this speaker show signs of depression? Answer with one word, Yes or No."
agreement_338_a000814,338,agreement,0.8178452472,0.9973360598,"Based only on how this person's voice sounds, does this speaker show signs of depression? Answer with one word, Yes or No."
agreement_340_a000854,340,agreement,0.0901720906,0.9964989498,"Based only on how this person's voice sounds, does this speaker show signs of depression? Answer with one word, Yes or No."
agreement_345_a000951,345,agreement,0.6795804215,0.9947665930,"Based only on how this person's voice sounds, does this speaker show signs of depression? Answer with one word, Yes or No."
agreement_345_a000943,345,agreement,0.5314980088,0.9916805625,"Based only on how this person's voice sounds, does this speaker show signs of depression? Answer with one word, Yes or No."
agreement_345_a000937,345,agreement,0.1646048719,0.9957043231,"Based only on how this person's voice sounds, does this speaker show signs of depression? Answer with one word, Yes or No."
agreement_345_a000951,345,agreement,0.6795804215,0.9947665930,"Based only on how this person's voice sounds, does this speaker show signs of depression? Answer with one word, Yes or No."
agreement_345_a000937,345,agreement,0.1646048719,0.9957043231,"Based only on how this person's voice sounds, does this speaker show signs of depression? Answer with one word, Yes or No."
agreement_345_a000938,345,agreement,0.1128515202,0.9964802414,"Based only on how this person's voice sounds, does this speaker show signs of depression? Answer with one word, Yes or No."
agreement_345_a000938,345,agreement,0.1128515202,0.9964802414,"Based only on how this person's voice sounds, does this speaker show signs of depression? Answer with one word, Yes or No."
agreement_345_a000937,345,agreement,0.1646048719,0.9957043231,"Based only on how this person's voice sounds, does this speaker show signs of depression? Answer with one word, Yes or No."
agreement_345_a000938,345,agreement,0.1128515202,0.9964802414,"Based only on how this person's voice sounds, does this speaker show signs of depression? Answer with one word, Yes or No."
agreement_345_a000943,345,agreement,0.5314980088,0.9916805625,"Based only on how this person's voice sounds, does this speaker show signs of depression? Answer with one word, Yes or No."
agreement_345_a000943,345,agreement,0.5314980088,0.9916805625,"Based only on how this person's voice sounds, does this speaker show signs of depression? Answer with one word, Yes or No."
agreement_345_a000943,345,agreement,0.5314980088,0.9916805625,"Based only on how this person's voice sounds, does this speaker show signs of depression? Answer with one word, Yes or No."
agreement_345_a000937,345,agreement,0.1646048719,0.9957043231,"Based only on how this person's voice sounds, does this speaker show signs of depression? Answer with one word, Yes or No."
agreement_346_a000977,346,agreement,0.4845614381,0.9938311279,"Based only on how this person's voice sounds, does this speaker show signs of depression? Answer with one word, Yes or No."
agreement_346_a000969,346,agreement,0.6793854661,0.9939372241,"Based only on how this person's voice sounds, does this speaker show signs of depression? Answer with one word, Yes or No."
agreement_346_a000977,346,agreement,0.4845614381,0.9938311279,"Based only on how this person's voice sounds, does this speaker show signs of depression? Answer with one word, Yes or No."
agreement_346_a000973,346,agreement,0.9797003434,0.9991471935,"Based only on how this person's voice sounds, does this speaker show signs of depression? Answer with one word, Yes or No."
agreement_346_a000962,346,agreement,0.6228888909,0.9934435189,"Based only on how this person's voice sounds, does this speaker show signs of depression? Answer with one word, Yes or No."
agreement_346_a000969,346,agreement,0.6793854661,0.9939372241,"Based only on how this person's voice sounds, does this speaker show signs of depression? Answer with one word, Yes or No."
agreement_346_a000979,346,agreement,0.2570168986,0.9957387745,"Based only on how this person's voice sounds, does this speaker show signs of depression? Answer with one word, Yes or No."
agreement_346_a000977,346,agreement,0.4845614381,0.9938311279,"Based only on how this person's voice sounds, does this speaker show signs of depression? Answer with one word, Yes or No."
agreement_346_a000973,346,agreement,0.9797003434,0.9991471935,"Based only on how this person's voice sounds, does this speaker show signs of depression? Answer with one word, Yes or No."
agreement_346_a000969,346,agreement,0.6793854661,0.9939372241,"Based only on how this person's voice sounds, does this speaker show signs of depression? Answer with one word, Yes or No."
agreement_346_a000973,346,agreement,0.9797003434,0.9991471935,"Based only on how this person's voice sounds, does this speaker show signs of depression? Answer with one word, Yes or No."
agreement_346_a000980,346,agreement,0.2020264928,0.9956260920,"Based only on how this person's voice sounds, does this speaker show signs of depression? Answer with one word, Yes or No."
agreement_347_a000994,347,agreement,0.0851763675,0.9947068244,"Based only on how this person's voice sounds, does this speaker show signs of depression? Answer with one word, Yes or No."
agreement_347_a000994,347,agreement,0.0851763675,0.9947068244,"Based only on how this person's voice sounds, does this speaker show signs of depression? Answer with one word, Yes or No."
agreement_347_a000994,347,agreement,0.0851763675,0.9947068244,"Based only on how this person's voice sounds, does this speaker show signs of depression? Answer with one word, Yes or No."
agreement_347_a000994,347,agreement,0.0851763675,0.9947068244,"Based only on how this person's voice sounds, does this speaker show signs of depression? Answer with one word, Yes or No."
agreement_348_a001012,348,agreement,0.8269264182,0.9963113815,"Based only on how this person's voice sounds, does this speaker show signs of depression? Answer with one word, Yes or No."
agreement_348_a001010,348,agreement,0.8993097658,0.9967685267,"Based only on how this person's voice sounds, does this speaker show signs of depression? Answer with one word, Yes or No."
agreement_348_a001011,348,agreement,0.8742241934,0.9966915548,"Based only on how this person's voice sounds, does this speaker show signs of depression? Answer with one word, Yes or No."
agreement_348_a001011,348,agreement,0.8742241934,0.9966915548,"Based only on how this person's voice sounds, does this speaker show signs of depression? Answer with one word, Yes or No."
agreement_348_a001011,348,agreement,0.8742241934,0.9966915548,"Based only on how this person's voice sounds, does this speaker show signs of depression? Answer with one word, Yes or No."
agreement_348_a001011,348,agreement,0.8742241934,0.9966915548,"Based only on how this person's voice sounds, does this speaker show signs of depression? Answer with one word, Yes or No."
agreement_348_a001011,348,agreement,0.8742241934,0.9966915548,"Based only on how this person's voice sounds, does this speaker show signs of depression? Answer with one word, Yes or No."
agreement_348_a001011,348,agreement,0.8742241934,0.9966915548,"Based only on how this person's voice sounds, does this speaker show signs of depression? Answer with one word, Yes or No."
agreement_348_a001012,348,agreement,0.8269264182,0.9963113815,"Based only on how this person's voice sounds, does this speaker show signs of depression? Answer with one word, Yes or No."
agreement_354_a001136,354,agreement,0.2571247774,0.9957172871,"Based only on how this person's voice sounds, does this speaker show signs of depression? Answer with one word, Yes or No."
agreement_354_a001133,354,agreement,0.5317319975,0.9958054423,"Based only on how this person's voice sounds, does this speaker show signs of depression? Answer with one word, Yes or No."
agreement_354_a001133,354,agreement,0.5317319975,0.9958054423,"Based only on how this person's voice sounds, does this speaker show signs of depression? Answer with one word, Yes or No."
agreement_360_a001239,360,agreement,0.2228193879,0.9970860332,"Based only on how this person's voice sounds, does this speaker show signs of depression? Answer with one word, Yes or No."
agreement_360_a001241,360,agreement,0.1067443485,0.9974185824,"Based only on how this person's voice sounds, does this speaker show signs of depression? Answer with one word, Yes or No."
agreement_362_a001261,362,agreement,0.4075421548,0.9967308939,"Based only on how this person's voice sounds, does this speaker show signs of depression? Answer with one word, Yes or No."
agreement_362_a001267,362,agreement,0.4692959046,0.9936593771,"Based only on how this person's voice sounds, does this speaker show signs of depression? Answer with one word, Yes or No."
agreement_362_a001269,362,agreement,0.5160478639,0.9948559403,"Based only on how this person's voice sounds, does this speaker show signs of depression? Answer with one word, Yes or No."
agreement_362_a001269,362,agreement,0.5160478639,0.9948559403,"Based only on how this person's voice sounds, does this speaker show signs of depression? Answer with one word, Yes or No."
agreement_362_a001267,362,agreement,0.4692959046,0.9936593771,"Based only on how this person's voice sounds, does this speaker show signs of depression? Answer with one word, Yes or No."
agreement_362_a001261,362,agreement,0.4075421548,0.9967308939,"Based only on how this person's voice sounds, does this speaker show signs of depression? Answer with one word, Yes or No."
agreement_363_a001277,363,agreement,0.0503742074,0.9978717752,"Based only on how this person's voice sounds, does this speaker show signs of depression? Answer with one word, Yes or No."
agreement_363_a001280,363,agreement,0.0637520974,0.9974908829,"Based only on how this person's voice sounds, does this speaker show signs of depression? Answer with one word, Yes or No."
agreement_363_a001280,363,agreement,0.0637520974,0.9974908829,"Based only on how this person's voice sounds, does this speaker show signs of depression? Answer with one word, Yes or No."
agreement_363_a001277,363,agreement,0.0503742074,0.9978717752,"Based only on how this person's voice sounds, does this speaker show signs of depression? Answer with one word, Yes or No."
agreement_363_a001277,363,agreement,0.0503742074,0.9978717752,"Based only on how this person's voice sounds, does this speaker show signs of depression? Answer with one word, Yes or No."
agreement_363_a001277,363,agreement,0.0503742074,0.9978717752,"Based only on how this person's voice sounds, does this speaker show signs of depression? Answer with one word, Yes or No."
agreement_363_a001277,363,agreement,0.0503742074,0.9978717752,"Based only on how this person's voice sounds, does this speaker show signs of depression? Answer with one word, Yes or No."
agreement_364_a001342,364,agreement,0.1067737050,0.9981091172,"Based only on how this person's voice sounds, does this speaker show signs of depression? Answer with one word, Yes or No."
agreement_364_a001307,364,agreement,0.0534224302,0.9973066859,"Based only on how this person's voice sounds, does this speaker show signs of depression? Answer with one word, Yes or No."
agreement_364_a001349,364,agreement,0.1192863332,0.9970899671,"Based only on how this person's voice sounds, does this speaker show signs of depression? Answer with one word, Yes or No."
agreement_364_a001315,364,agreement,0.1481271765,0.9972282946,"Based only on how this person's voice sounds, does this speaker show signs of depression? Answer with one word, Yes or No."
agreement_364_a001317,364,agreement,0.1825408896,0.9948808849,"Based only on how this person's voice sounds, does this speaker show signs of depression? Answer with one word, Yes or No."
agreement_364_a001315,364,agreement,0.1481271765,0.9972282946,"Based only on how this person's voice sounds, does this speaker show signs of depression? Answer with one word, Yes or No."
agreement_366_a001434,366,agreement,0.1330729234,0.9962493479,"Based only on how this person's voice sounds, does this speaker show signs of depression? Answer with one word, Yes or No."
agreement_366_a001403,366,agreement,0.0716489704,0.9980603233,"Based only on how this person's voice sounds, does this speaker show signs of depression? Answer with one word, Yes or No."
agreement_366_a001432,366,agreement,0.0534524005,0.9978046864,"Based only on how this person's voice sounds, does this speaker show signs of depression? Answer with one word, Yes or No."
agreement_366_a001421,366,agreement,0.1067827662,0.9943383709,"Based only on how this person's voice sounds, does this speaker show signs of depression? Answer with one word, Yes or No."
agreement_366_a001402,366,agreement,0.0954371335,0.9936762452,"Based only on how this person's voice sounds, does this speaker show signs of depression? Answer with one word, Yes or No."
agreement_367_a001469,367,agreement,0.7550736819,0.9960886389,"Based only on how this person's voice sounds, does this speaker show signs of depression? Answer with one word, Yes or No."
agreement_367_a001443,367,agreement,0.6656510353,0.9963535964,"Based only on how this person's voice sounds, does this speaker show signs of depression? Answer with one word, Yes or No."
agreement_367_a001465,367,agreement,0.5004590283,0.9961413741,"Based only on how this person's voice sounds, does this speaker show signs of depression? Answer with one word, Yes or No."
agreement_367_a001469,367,agreement,0.7550736819,0.9960886389,"Based only on how this person's voice sounds, does this speaker show signs of depression? Answer with one word, Yes or No."
agreement_367_a001465,367,agreement,0.5004590283,0.9961413741,"Based only on how this person's voice sounds, does this speaker show signs of depression? Answer with one word, Yes or No."
agreement_367_a001443,367,agreement,0.6656510353,0.9963535964,"Based only on how this person's voice sounds, does this speaker show signs of depression? Answer with one word, Yes or No."
agreement_367_a001463,367,agreement,0.4381715738,0.9924519956,"Based only on how this person's voice sounds, does this speaker show signs of depression? Answer with one word, Yes or No."
agreement_367_a001468,367,agreement,0.8177127046,0.9952657670,"Based only on how this person's voice sounds, does this speaker show signs of depression? Answer with one word, Yes or No."
agreement_367_a001467,367,agreement,0.4845732503,0.9962554276,"Based only on how this person's voice sounds, does this speaker show signs of depression? Answer with one word, Yes or No."
agreement_369_a001513,369,agreement,0.1404878055,0.9947577268,"Based only on how this person's voice sounds, does this speaker show signs of depression? Answer with one word, Yes or No."
agreement_369_a001519,369,agreement,0.1562573946,0.9952276349,"Based only on how this person's voice sounds, does this speaker show signs of depression? Answer with one word, Yes or No."
agreement_369_a001529,369,agreement,0.0140724050,0.9987887023,"Based only on how this person's voice sounds, does this speaker show signs of depression? Answer with one word, Yes or No."
agreement_370_a001548,370,agreement,0.0675816983,0.9969808161,"Based only on how this person's voice sounds, does this speaker show signs of depression? Answer with one word, Yes or No."
agreement_370_a001539,370,agreement,0.0901561778,0.9957852066,"Based only on how this person's voice sounds, does this speaker show signs of depression? Answer with one word, Yes or No."
agreement_370_a001544,370,agreement,0.1067658597,0.9979927167,"Based only on how this person's voice sounds, does this speaker show signs of depression? Answer with one word, Yes or No."
agreement_370_a001542,370,agreement,0.1009267949,0.9968615398,"Based only on how this person's voice sounds, does this speaker show signs of depression? Answer with one word, Yes or No."
agreement_370_a001565,370,agreement,0.0103318320,0.9984863400,"Based only on how this person's voice sounds, does this speaker show signs of depression? Answer with one word, Yes or No."
agreement_374_a001667,374,agreement,0.4227550766,0.9958623052,"Based only on how this person's voice sounds, does this speaker show signs of depression? Answer with one word, Yes or No."
agreement_374_a001658,374,agreement,0.1733836492,0.9976708740,"Based only on how this person's voice sounds, does this speaker show signs of depression? Answer with one word, Yes or No."
agreement_374_a001667,374,agreement,0.4227550766,0.9958623052,"Based only on how this person's voice sounds, does this speaker show signs of depression? Answer with one word, Yes or No."
agreement_374_a001675,374,agreement,0.2452651263,0.9964831173,"Based only on how this person's voice sounds, does this speaker show signs of depression? Answer with one word, Yes or No."
agreement_374_a001667,374,agreement,0.4227550766,0.9958623052,"Based only on how this person's voice sounds, does this speaker show signs of depression? Answer with one word, Yes or No."
agreement_374_a001658,374,agreement,0.1733836492,0.9976708740,"Based only on how this person's voice sounds, does this speaker show signs of depression? Answer with one word, Yes or No."
agreement_374_a001667,374,agreement,0.4227550766,0.9958623052,"Based only on how this person's voice sounds, does this speaker show signs of depression? Answer with one word, Yes or No."
agreement_374_a001664,374,agreement,0.1067603184,0.9978587404,"Based only on how this person's voice sounds, does this speaker show signs of depression? Answer with one word, Yes or No."
agreement_374_a001667,374,agreement,0.4227550766,0.9958623052,"Based only on how this person's voice sounds, does this speaker show signs of depression? Answer with one word, Yes or No."
agreement_377_a001749,377,agreement,0.3632394786,0.9955644011,"Based only on how this person's voice sounds, does this speaker show signs of depression? Answer with one word, Yes or No."
agreement_377_a001759,377,agreement,0.9554245369,0.9978743494,"Based only on how this person's voice sounds, does this speaker show signs of depression? Answer with one word, Yes or No."
agreement_377_a001759,377,agreement,0.9554245369,0.9978743494,"Based only on how this person's voice sounds, does this speaker show signs of depression? Answer with one word, Yes or No."
agreement_377_a001749,377,agreement,0.3632394786,0.9955644011,"Based only on how this person's voice sounds, does this speaker show signs of depression? Answer with one word, Yes or No."
agreement_377_a001759,377,agreement,0.9554245369,0.9978743494,"Based only on how this person's voice sounds, does this speaker show signs of depression? Answer with one word, Yes or No."
agreement_377_a001759,377,agreement,0.9554245369,0.9978743494,"Based only on how this person's voice sounds, does this speaker show signs of depression? Answer with one word, Yes or No."
agreement_377_a001761,377,agreement,0.1330876983,0.9957766533,"Based only on how this person's voice sounds, does this speaker show signs of depression? Answer with one word, Yes or No."
agreement_377_a001749,377,agreement,0.3632394786,0.9955644011,"Based only on how this person's voice sounds, does this speaker show signs of depression? Answer with one word, Yes or No."
agreement_377_a001749,377,agreement,0.3632394786,0.9955644011,"Based only on how this person's voice sounds, does this speaker show signs of depression? Answer with one word, Yes or No."
agreement_377_a001758,377,agreement,0.9433677939,0.9977276772,"Based only on how this person's voice sounds, does this speaker show signs of depression? Answer with one word, Yes or No."
agreement_378_a001773,378,agreement,0.0803995986,0.9971946701,"Based only on how this person's voice sounds, does this speaker show signs of depression? Answer with one word, Yes or No."
agreement_378_a001782,378,agreement,0.1128780955,0.9969876707,"Based only on how this person's voice sounds, does this speaker show signs of depression? Answer with one word, Yes or No."
agreement_379_a001810,379,agreement,0.0637448079,0.9982288629,"Based only on how this person's voice sounds, does this speaker show signs of depression? Answer with one word, Yes or No."
agreement_379_a001806,379,agreement,0.0601231465,0.9970613606,"Based only on how this person's voice sounds, does this speaker show signs of depression? Answer with one word, Yes or No."
agreement_379_a001806,379,agreement,0.0601231465,0.9970613606,"Based only on how this person's voice sounds, does this speaker show signs of depression? Answer with one word, Yes or No."
agreement_379_a001818,379,agreement,0.1009453476,0.9967505112,"Based only on how this person's voice sounds, does this speaker show signs of depression? Answer with one word, Yes or No."
agreement_379_a001816,379,agreement,0.0566862203,0.9970740229,"Based only on how this person's voice sounds, does this speaker show signs of depression? Answer with one word, Yes or No."
agreement_381_a001879,381,agreement,0.3632545371,0.9960215390,"Based only on how this person's voice sounds, does this speaker show signs of depression? Answer with one word, Yes or No."
agreement_381_a001879,381,agreement,0.3632545371,0.9960215390,"Based only on how this person's voice sounds, does this speaker show signs of depression? Answer with one word, Yes or No."
agreement_381_a001892,381,agreement,0.4691002583,0.9937194884,"Based only on how this person's voice sounds, does this speaker show signs of depression? Answer with one word, Yes or No."
agreement_381_a001879,381,agreement,0.3632545371,0.9960215390,"Based only on how this person's voice sounds, does this speaker show signs of depression? Answer with one word, Yes or No."
agreement_381_a001882,381,agreement,0.4380134976,0.9948602021,"Based only on how this person's voice sounds, does this speaker show signs of depression? Answer with one word, Yes or No."
agreement_381_a001887,381,agreement,0.7664485766,0.9950959682,"Based only on how this person's voice sounds, does this speaker show signs of depression? Answer with one word, Yes or No."
agreement_381_a001882,381,agreement,0.4380134976,0.9948602021,"Based only on how this person's voice sounds, does this speaker show signs of depression? Answer with one word, Yes or No."
agreement_381_a001879,381,agreement,0.3632545371,0.9960215390,"Based only on how this person's voice sounds, does this speaker show signs of depression? Answer with one word, Yes or No."
agreement_381_a001879,381,agreement,0.3632545371,0.9960215390,"Based only on how this person's voice sounds, does this speaker show signs of depression? Answer with one word, Yes or No."
agreement_381_a001879,381,agreement,0.3632545371,0.9960215390,"Based only on how this person's voice sounds, does this speaker show signs of depression? Answer with one word, Yes or No."
agreement_382_a001916,382,agreement,0.0351667633,0.9982673600,"Based only on how this person's voice sounds, does this speaker show signs of depression? Answer with one word, Yes or No."
agreement_382_a001923,382,agreement,0.1330692784,0.9971014857,"Based only on how this person's voice sounds, does this speaker show signs of depression? Answer with one word, Yes or No."
agreement_384_a001974,384,agreement,0.3211472005,0.9932825267,"Based only on how this person's voice sounds, does this speaker show signs of depression? Answer with one word, Yes or No."
agreement_384_a001974,384,agreement,0.3211472005,0.9932825267,"Based only on how this person's voice sounds, does this speaker show signs of depression? Answer with one word, Yes or No."
agreement_384_a001974,384,agreement,0.3211472005,0.9932825267,"Based only on how this person's voice sounds, does this speaker show signs of depression? Answer with one word, Yes or No."
agreement_384_a001978,384,agreement,0.5003593973,0.9945790768,"Based only on how this person's voice sounds, does this speaker show signs of depression? Answer with one word, Yes or No."
agreement_384_a001978,384,agreement,0.5003593973,0.9945790768,"Based only on how this person's voice sounds, does this speaker show signs of depression? Answer with one word, Yes or No."
agreement_387_a002035,387,agreement,0.1067541589,0.9963173121,"Based only on how this person's voice sounds, does this speaker show signs of depression? Answer with one word, Yes or No."
agreement_392_a002117,392,agreement,0.1330454092,0.9975162446,"Based only on how this person's voice sounds, does this speaker show signs of depression? Answer with one word, Yes or No."
agreement_392_a002117,392,agreement,0.1330454092,0.9975162446,"Based only on how this person's voice sounds, does this speaker show signs of depression? Answer with one word, Yes or No."
agreement_392_a002117,392,agreement,0.1330454092,0.9975162446,"Based only on how this person's voice sounds, does this speaker show signs of depression? Answer with one word, Yes or No."
agreement_393_a002132,393,agreement,0.1193191997,0.9972882569,"Based only on how this person's voice sounds, does this speaker show signs of depression? Answer with one word, Yes or No."
agreement_403_a002319,403,agreement,0.3211590640,0.9969089627,"Based only on how this person's voice sounds, does this speaker show signs of depression? Answer with one word, Yes or No."
agreement_403_a002307,403,agreement,0.0759294019,0.9974308088,"Based only on how this person's voice sounds, does this speaker show signs of depression? Answer with one word, Yes or No."
agreement_403_a002318,403,agreement,0.1825618836,0.9961606711,"Based only on how this person's voice sounds, does this speaker show signs of depression? Answer with one word, Yes or No."
agreement_403_a002320,403,agreement,0.0503708611,0.9983278960,"Based only on how this person's voice sounds, does this speaker show signs of depression? Answer with one word, Yes or No."
agreement_404_a002325,404,agreement,0.1404273256,0.9968408793,"Based only on how this person's voice sounds, does this speaker show signs of depression? Answer with one word, Yes or No."
agreement_404_a002325,404,agreement,0.1404273256,0.9968408793,"Based only on how this person's voice sounds, does this speaker show signs of depression? Answer with one word, Yes or No."
agreement_405_a002361,405,agreement,0.6928887700,0.9962421060,"Based only on how this person's voice sounds, does this speaker show signs of depression? Answer with one word, Yes or No."
agreement_405_a002365,405,agreement,0.5625253483,0.9967118502,"Based only on how this person's voice sounds, does this speaker show signs of depression? Answer with one word, Yes or No."
agreement_405_a002369,405,agreement,0.7551307405,0.9970327914,"Based only on how this person's voice sounds, does this speaker show signs of depression? Answer with one word, Yes or No."
agreement_405_a002361,405,agreement,0.6928887700,0.9962421060,"Based only on how this person's voice sounds, does this speaker show signs of depression? Answer with one word, Yes or No."
agreement_405_a002365,405,agreement,0.5625253483,0.9967118502,"Based only on how this person's voice sounds, does this speaker show signs of depression? Answer with one word, Yes or No."
agreement_405_a002370,405,agreement,0.2229478432,0.9919513911,"Based only on how this person's voice sounds, does this speaker show signs of depression? Answer with one word, Yes or No."
agreement_405_a002376,405,agreement,0.7665665476,0.9976416379,"Based only on how this person's voice sounds, does this speaker show signs of depression? Answer with one word, Yes or No."
agreement_405_a002370,405,agreement,0.2229478432,0.9919513911,"Based only on how this person's voice sounds, does this speaker show signs of depression? Answer with one word, Yes or No."
agreement_405_a002370,405,agreement,0.2229478432,0.9919513911,"Based only on how this person's voice sounds, does this speaker show signs of depression? Answer with one word, Yes or No."
agreement_405_a002361,405,agreement,0.6928887700,0.9962421060,"Based only on how this person's voice sounds, does this speaker show signs of depression? Answer with one word, Yes or No."
agreement_405_a002361,405,agreement,0.6928887700,0.9962421060,"Based only on how this person's voice sounds, does this speaker show signs of depression? Answer with one word, Yes or No."
agreement_405_a002370,405,agreement,0.2229478432,0.9919513911,"Based only on how this person's voice sounds, does this speaker show signs of depression? Answer with one word, Yes or No."
agreement_405_a002361,405,agreement,0.6928887700,0.9962421060,"Based only on how this person's voice sounds, does this speaker show signs of depression? Answer with one word, Yes or No."
agreement_406_a002403,406,agreement,0.0901412182,0.9981322959,"Based only on how this person's voice sounds, does this speaker show signs of depression? Answer with one word, Yes or No."
agreement_406_a002396,406,agreement,0.1330465010,0.9960693121,"Based only on how this person's voice sounds, does this speaker show signs of depression? Answer with one word, Yes or No."
agreement_407_a002429,407,agreement,0.2690862698,0.9967514873,"Based only on how this person's voice sounds, does this speaker show signs of depression? Answer with one word, Yes or No."
agreement_407_a002428,407,agreement,0.2815914699,0.9958175123,"Based only on how this person's voice sounds, does this speaker show signs of depression? Answer with one word, Yes or No."
agreement_407_a002414,407,agreement,0.1128461158,0.9973091632,"Based only on how this person's voice sounds, does this speaker show signs of depression? Answer with one word, Yes or No."
agreement_407_a002408,407,agreement,0.0804263994,0.9960894883,"Based only on how this person's voice sounds, does this speaker show signs of depression? Answer with one word, Yes or No."
agreement_408_a002449,408,agreement,0.1067524207,0.9964426905,"Based only on how this person's voice sounds, does this speaker show signs of depression? Answer with one word, Yes or No."
agreement_411_a002530,411,agreement,0.1128492119,0.9974530637,"Based only on how this person's voice sounds, does this speaker show signs of depression? Answer with one word, Yes or No."
agreement_411_a002524,411,agreement,0.1734523794,0.9922186732,"Based only on how this person's voice sounds, does this speaker show signs of depression? Answer with one word, Yes or No."
agreement_411_a002530,411,agreement,0.1128492119,0.9974530637,"Based only on how this person's voice sounds, does this speaker show signs of depression? Answer with one word, Yes or No."
agreement_411_a002503,411,agreement,0.0351657972,0.9988051802,"Based only on how this person's voice sounds, does this speaker show signs of depression? Answer with one word, Yes or No."
agreement_411_a002500,411,agreement,0.1128534704,0.9968244806,"Based only on how this person's voice sounds, does this speaker show signs of depression? Answer with one word, Yes or No."
agreement_411_a002530,411,agreement,0.1128492119,0.9974530637,"Based only on how this person's voice sounds, does this speaker show signs of depression? Answer with one word, Yes or No."
agreement_411_a002499,411,agreement,0.1405051130,0.9932261556,"Based only on how this person's voice sounds, does this speaker show signs of depression? Answer with one word, Yes or No."
agreement_411_a002503,411,agreement,0.0351657972,0.9988051802,"Based only on how this person's voice sounds, does this speaker show signs of depression? Answer with one word, Yes or No."
agreement_414_a002591,414,agreement,0.8520786860,0.9967963248,"Based only on how this person's voice sounds, does this speaker show signs of depression? Answer with one word, Yes or No."
agreement_414_a002596,414,agreement,0.6516785767,0.9951585531,"Based only on how this person's voice sounds, does this speaker show signs of depression? Answer with one word, Yes or No."
agreement_414_a002591,414,agreement,0.8520786860,0.9967963248,"Based only on how this person's voice sounds, does this speaker show signs of depression? Answer with one word, Yes or No."
agreement_414_a002596,414,agreement,0.6516785767,0.9951585531,"Based only on how this person's voice sounds, does this speaker show signs of depression? Answer with one word, Yes or No."
agreement_414_a002593,414,agreement,0.8873372490,0.9969448820,"Based only on how this person's voice sounds, does this speaker show signs of depression? Answer with one word, Yes or No."
agreement_414_a002596,414,agreement,0.6516785767,0.9951585531,"Based only on how this person's voice sounds, does this speaker show signs of depression? Answer with one word, Yes or No."
agreement_414_a002596,414,agreement,0.6516785767,0.9951585531,"Based only on how this person's voice sounds, does this speaker show signs of depression? Answer with one word, Yes or No."
agreement_414_a002591,414,agreement,0.8520786860,0.9967963248,"Based only on how this person's voice sounds, does this speaker show signs of depression? Answer with one word, Yes or No."
agreement_414_a002590,414,agreement,0.8935284516,0.9975726083,"Based only on how this person's voice sounds, does this speaker show signs of depression? Answer with one word, Yes or No."
agreement_414_a002596,414,agreement,0.6516785767,0.9951585531,"Based only on how this person's voice sounds, does this speaker show signs of depression? Answer with one word, Yes or No."
agreement_414_a002588,414,agreement,0.7434558385,0.9972021282,"Based only on how this person's voice sounds, does this speaker show signs of depression? Answer with one word, Yes or No."
agreement_415_a002610,415,agreement,0.1645867570,0.9976641238,"Based only on how this person's voice sounds, does this speaker show signs of depression? Answer with one word, Yes or No."
agreement_415_a002605,415,agreement,0.1561969801,0.9950867295,"Based only on how this person's voice sounds, does this speaker show signs of depression? Answer with one word, Yes or No."
agreement_415_a002605,415,agreement,0.1561969801,0.9950867295,"Based only on how this person's voice sounds, does this speaker show signs of depression? Answer with one word, Yes or No."
agreement_415_a002609,415,agreement,0.0676090500,0.9977049455,"Based only on how this person's voice sounds, does this speaker show signs of depression? Answer with one word, Yes or No."
agreement_416_a002627,416,agreement,0.0851670949,0.9973520115,"Based only on how this person's voice sounds, does this speaker show signs of depression? Answer with one word, Yes or No."
agreement_416_a002631,416,agreement,0.0901505837,0.9970512316,"Based only on how this person's voice sounds, does this speaker show signs of depression? Answer with one word, Yes or No."
agreement_416_a002638,416,agreement,0.0566994380,0.9978363216,"Based only on how this person's voice sounds, does this speaker show signs of depression? Answer with one word, Yes or No."
agreement_416_a002640,416,agreement,0.1009236865,0.9976228774,"Based only on how this person's voice sounds, does this speaker show signs of depression? Answer with one word, Yes or No."
agreement_419_a002711,419,agreement,0.0637489177,0.9982750714,"Based only on how this person's voice sounds, does this speaker show signs of depression? Answer with one word, Yes or No."
agreement_419_a002698,419,agreement,0.0601194904,0.9983402230,"Based only on how this person's voice sounds, does this speaker show signs of depression? Answer with one word, Yes or No."
agreement_419_a002697,419,agreement,0.0447033974,0.9978852570,"Based only on how this person's voice sounds, does this speaker show signs of depression? Answer with one word, Yes or No."
agreement_419_a002701,419,agreement,0.0851392732,0.9971692264,"Based only on how this person's voice sounds, does this speaker show signs of depression? Answer with one word, Yes or No."
agreement_419_a002700,419,agreement,0.0759085484,0.9978870898,"Based only on how this person's voice sounds, does this speaker show signs of depression? Answer with one word, Yes or No."
agreement_419_a002701,419,agreement,0.0851392732,0.9971692264,"Based only on how this person's voice sounds, does this speaker show signs of depression? Answer with one word, Yes or No."
agreement_419_a002712,419,agreement,0.0396768781,0.9983093217,"Based only on how this person's voice sounds, does this speaker show signs of depression? Answer with one word, Yes or No."
agreement_420_a002738,420,agreement,0.2228907661,0.9974244386,"Based only on how this person's voice sounds, does this speaker show signs of depression? Answer with one word, Yes or No."
agreement_420_a002740,420,agreement,0.2122177777,0.9953356683,"Based only on how this person's voice sounds, does this speaker show signs of depression? Answer with one word, Yes or No."
agreement_420_a002738,420,agreement,0.2228907661,0.9974244386,"Based only on how this person's voice sounds, does this speaker show signs of depression? Answer with one word, Yes or No."
agreement_423_a002821,423,agreement,0.2943891021,0.9949057698,"Based only on how this person's voice sounds, does this speaker show signs of depression? Answer with one word, Yes or No."
agreement_423_a002821,423,agreement,0.2943891021,0.9949057698,"Based only on how this person's voice sounds, does this speaker show signs of depression? Answer with one word, Yes or No."
agreement_423_a002821,423,agreement,0.2943891021,0.9949057698,"Based only on how this person's voice sounds, does this speaker show signs of depression? Answer with one word, Yes or No."
agreement_423_a002821,423,agreement,0.2943891021,0.9949057698,"Based only on how this person's voice sounds, does this speaker show signs of depression? Answer with one word, Yes or No."
agreement_423_a002821,423,agreement,0.2943891021,0.9949057698,"Based only on how this person's voice sounds, does this speaker show signs of depression? Answer with one word, Yes or No."
agreement_423_a002821,423,agreement,0.2943891021,0.9949057698,"Based only on how this person's voice sounds, does this speaker show signs of depression? Answer with one word, Yes or No."
agreement_424_a002846,424,agreement,0.0259693172,0.9985503703,"Based only on how this person's voice sounds, does this speaker show signs of depression? Answer with one word, Yes or No."
agreement_424_a002827,424,agreement,0.0954035089,0.9969020933,"Based only on how this person's voice sounds, does this speaker show signs of depression? Answer with one word, Yes or No."
agreement_424_a002826,424,agreement,0.1260621523,0.9972227961,"Based only on how this person's voice sounds, does this speaker show signs of depression? Answer with one word, Yes or No."
agreement_424_a002827,424,agreement,0.0954035089,0.9969020933,"Based only on how this person's voice sounds, does this speaker show signs of depression? Answer with one word, Yes or No."
agreement_426_a002896,426,agreement,0.7188625276,0.9953604043,"Based only on how this person's voice sounds, does this speaker show signs of depression? Answer with one word, Yes or No."
agreement_426_a002894,426,agreement,0.5159531104,0.9953454733,"Based only on how this person's voice sounds, does this speaker show signs of depression? Answer with one word, Yes or No."
agreement_426_a002896,426,agreement,0.7188625276,0.9953604043,"Based only on how this person's voice sounds, does this speaker show signs of depression? Answer with one word, Yes or No."
agreement_426_a002896,426,agreement,0.7188625276,0.9953604043,"Based only on how this person's voice sounds, does this speaker show signs of depression? Answer with one word, Yes or No."
agreement_426_a002895,426,agreement,0.8597738837,0.9964315742,"Based only on how this person's voice sounds, does this speaker show signs of depression? Answer with one word, Yes or No."
agreement_429_a002951,429,agreement,0.2338303648,0.9969594777,"Based only on how this person's voice sounds, does this speaker show signs of depression? Answer with one word, Yes or No."
agreement_429_a002952,429,agreement,0.2815572853,0.9965265095,"Based only on how this person's voice sounds, does this speaker show signs of depression? Answer with one word, Yes or No."
agreement_429_a002951,429,agreement,0.2338303648,0.9969594777,"Based only on how this person's voice sounds, does this speaker show signs of depression? Answer with one word, Yes or No."
agreement_429_a002951,429,agreement,0.2338303648,0.9969594777,"Based only on how this person's voice sounds, does this speaker show signs of depression? Answer with one word, Yes or No."
agreement_430_a002963,430,agreement,0.1128646156,0.9963843599,"Based only on how this person's voice sounds, does this speaker show signs of depression? Answer with one word, Yes or No."
agreement_430_a002963,430,agreement,0.1128646156,0.9963843599,"Based only on how this person's voice sounds, does this speaker show signs of depression? Answer with one word, Yes or No."
agreement_430_a002978,430,agreement,0.1481248683,0.9972328693,"Based only on how this person's voice sounds, does this speaker show signs of depression? Answer with one word, Yes or No."
agreement_430_a002968,430,agreement,0.1825088194,0.9970383197,"Based only on how this person's voice sounds, does this speaker show signs of depression? Answer with one word, Yes or No."
agreement_430_a002968,430,agreement,0.1825088194,0.9970383197,"Based only on how this person's voice sounds, does this speaker show signs of depression? Answer with one word, Yes or No."
agreement_430_a002963,430,agreement,0.1128646156,0.9963843599,"Based only on how this person's voice sounds, does this speaker show signs of depression? Answer with one word, Yes or No."
agreement_430_a002978,430,agreement,0.1481248683,0.9972328693,"Based only on how this person's voice sounds, does this speaker show signs of depression? Answer with one word, Yes or No."
agreement_431_a002987,431,agreement,0.1562843976,0.9970580488,"Based only on how this person's voice sounds, does this speaker show signs of depression? Answer with one word, Yes or No."
agreement_431_a002994,431,agreement,0.2122334837,0.9970571697,"Based only on how this person's voice sounds, does this speaker show signs of depression? Answer with one word, Yes or No."
agreement_431_a002994,431,agreement,0.2122334837,0.9970571697,"Based only on how this person's voice sounds, does this speaker show signs of depression? Answer with one word, Yes or No."
agreement_432_a003009,432,agreement,0.1481649342,0.9978884608,"Based only on how this person's voice sounds, does this speaker show signs of depression? Answer with one word, Yes or No."
agreement_434_a003064,434,agreement,0.1645844817,0.9965703636,"Based only on how this person's voice sounds, does this speaker show signs of depression? Answer with one word, Yes or No."
agreement_434_a003036,434,agreement,0.0447016016,0.9983105287,"Based only on how this person's voice sounds, does this speaker show signs of depression? Answer with one word, Yes or No."
agreement_434_a003065,434,agreement,0.0716522932,0.9981849864,"Based only on how this person's voice sounds, does this speaker show signs of depression? Answer with one word, Yes or No."
agreement_434_a003058,434,agreement,0.1733968407,0.9972814769,"Based only on how this person's voice sounds, does this speaker show signs of depression? Answer with one word, Yes or No."
agreement_434_a003058,434,agreement,0.1733968407,0.9972814769,"Based only on how this person's voice sounds, does this speaker show signs of depression? Answer with one word, Yes or No."
agreement_436_a003091,436,agreement,0.1404442023,0.9974822551,"Based only on how this person's voice sounds, does this speaker show signs of depression? Answer with one word, Yes or No."
agreement_436_a003094,436,agreement,0.1482517298,0.9950894415,"Based only on how this person's voice sounds, does this speaker show signs of depression? Answer with one word, Yes or No."
agreement_436_a003094,436,agreement,0.1482517298,0.9950894415,"Based only on how this person's voice sounds, does this speaker show signs of depression? Answer with one word, Yes or No."
agreement_436_a003091,436,agreement,0.1404442023,0.9974822551,"Based only on how this person's voice sounds, does this speaker show signs of depression? Answer with one word, Yes or No."
agreement_437_a003112,437,agreement,0.1563341749,0.9951034337,"Based only on how this person's voice sounds, does this speaker show signs of depression? Answer with one word, Yes or No."
agreement_437_a003120,437,agreement,0.0601251986,0.9979998991,"Based only on how this person's voice sounds, does this speaker show signs of depression? Answer with one word, Yes or No."
agreement_438_a003133,438,agreement,0.0503684277,0.9979215637,"Based only on how this person's voice sounds, does this speaker show signs of depression? Answer with one word, Yes or No."
agreement_438_a003151,438,agreement,0.1734212903,0.9977418333,"Based only on how this person's voice sounds, does this speaker show signs of depression? Answer with one word, Yes or No."
agreement_438_a003142,438,agreement,0.1734150560,0.9942385107,"Based only on how this person's voice sounds, does this speaker show signs of depression? Answer with one word, Yes or No."
agreement_438_a003133,438,agreement,0.0503684277,0.9979215637,"Based only on how this person's voice sounds, does this speaker show signs of depression? Answer with one word, Yes or No."
agreement_439_a003161,439,agreement,0.0804003753,0.9972461984,"Based only on how this person's voice sounds, does this speaker show signs of depression? Answer with one word, Yes or No."
agreement_439_a003181,439,agreement,0.2570333821,0.9970131814,"Based only on how this person's voice sounds, does this speaker show signs of depression? Answer with one word, Yes or No."
agreement_440_a003192,440,agreement,0.2571019467,0.9967644513,"Based only on how this person's voice sounds, does this speaker show signs of depression? Answer with one word, Yes or No."
agreement_440_a003196,440,agreement,0.2452705713,0.9960857183,"Based only on how this person's voice sounds, does this speaker show signs of depression? Answer with one word, Yes or No."
agreement_440_a003192,440,agreement,0.2571019467,0.9967644513,"Based only on how this person's voice sounds, does this speaker show signs of depression? Answer with one word, Yes or No."
agreement_440_a003206,440,agreement,0.7189564427,0.9968593717,"Based only on how this person's voice sounds, does this speaker show signs of depression? Answer with one word, Yes or No."
agreement_440_a003205,440,agreement,0.5777814417,0.9952293038,"Based only on how this person's voice sounds, does this speaker show signs of depression? Answer with one word, Yes or No."
agreement_441_a003225,441,agreement,0.7059342804,0.9960591495,"Based only on how this person's voice sounds, does this speaker show signs of depression? Answer with one word, Yes or No."
agreement_441_a003229,441,agreement,0.8084605684,0.9960084260,"Based only on how this person's voice sounds, does this speaker show signs of depression? Answer with one word, Yes or No."
agreement_441_a003225,441,agreement,0.7059342804,0.9960591495,"Based only on how this person's voice sounds, does this speaker show signs of depression? Answer with one word, Yes or No."
agreement_441_a003223,441,agreement,0.3210322631,0.9959360361,"Based only on how this person's voice sounds, does this speaker show signs of depression? Answer with one word, Yes or No."
agreement_441_a003229,441,agreement,0.8084605684,0.9960084260,"Based only on how this person's voice sounds, does this speaker show signs of depression? Answer with one word, Yes or No."
agreement_443_a003267,443,agreement,0.3075899671,0.9955923259,"Based only on how this person's voice sounds, does this speaker show signs of depression? Answer with one word, Yes or No."
agreement_443_a003267,443,agreement,0.3075899671,0.9955923259,"Based only on how this person's voice sounds, does this speaker show signs of depression? Answer with one word, Yes or No."
agreement_445_a003309,445,agreement,0.3075067372,0.9974889159,"Based only on how this person's voice sounds, does this speaker show signs of depression? Answer with one word, Yes or No."
agreement_445_a003309,445,agreement,0.3075067372,0.9974889159,"Based only on how this person's voice sounds, does this speaker show signs of depression? Answer with one word, Yes or No."
agreement_445_a003319,445,agreement,0.0851658965,0.9979828894,"Based only on how this person's voice sounds, does this speaker show signs of depression? Answer with one word, Yes or No."
agreement_445_a003302,445,agreement,0.1733661178,0.9974460900,"Based only on how this person's voice sounds, does this speaker show signs of depression? Answer with one word, Yes or No."
agreement_446_a003342,446,agreement,0.1192556174,0.9967772514,"Based only on how this person's voice sounds, does this speaker show signs of depression? Answer with one word, Yes or No."
agreement_446_a003323,446,agreement,0.0503535077,0.9973153286,"Based only on how this person's voice sounds, does this speaker show signs of depression? Answer with one word, Yes or No."
agreement_447_a003344,447,agreement,0.0276095048,0.9983568490,"Based only on how this person's voice sounds, does this speaker show signs of depression? Answer with one word, Yes or No."
agreement_447_a003353,447,agreement,0.1067310499,0.9963755459,"Based only on how this person's voice sounds, does this speaker show signs of depression? Answer with one word, Yes or No."
agreement_447_a003353,447,agreement,0.1067310499,0.9963755459,"Based only on how this person's voice sounds, does this speaker show signs of depression? Answer with one word, Yes or No."
agreement_447_a003347,447,agreement,0.1404539026,0.9967588782,"Based only on how this person's voice sounds, does this speaker show signs of depression? Answer with one word, Yes or No."
agreement_447_a003353,447,agreement,0.1067310499,0.9963755459,"Based only on how this person's voice sounds, does this speaker show signs of depression? Answer with one word, Yes or No."
agreement_447_a003353,447,agreement,0.1067310499,0.9963755459,"Based only on how this person's voice sounds, does this speaker show signs of depression? Answer with one word, Yes or No."
agreement_447_a003353,447,agreement,0.1067310499,0.9963755459,"Based only on how this person's voice sounds, does this speaker show signs of depression? Answer with one word, Yes or No."
agreement_448_a003382,448,agreement,0.8082255247,0.9970869571,"Based only on how this person's voice sounds, does this speaker show signs of depression? Answer with one word, Yes or No."
agreement_448_a003384,448,agreement,0.5778371293,0.9933734238,"Based only on how this person's voice sounds, does this speaker show signs of depression? Answer with one word, Yes or No."
agreement_448_a003370,448,agreement,0.2944423269,0.9964492321,"Based only on how this person's voice sounds, does this speaker show signs of depression? Answer with one word, Yes or No."
agreement_448_a003385,448,agreement,0.8933993786,0.9960530177,"Based only on how this person's voice sounds, does this speaker show signs of depression? Answer with one word, Yes or No."
agreement_448_a003382,448,agreement,0.8082255247,0.9970869571,"Based only on how this person's voice sounds, does this speaker show signs of depression? Answer with one word, Yes or No."
agreement_448_a003385,448,agreement,0.8933993786,0.9960530177,"Based only on how this person's voice sounds, does this speaker show signs of depression? Answer with one word, Yes or No."
agreement_448_a003370,448,agreement,0.2944423269,0.9964492321,"Based only on how this person's voice sounds, does this speaker show signs of depression? Answer with one word, Yes or No."
agreement_448_a003384,448,agreement,0.5778371293,0.9933734238,"Based only on how this person's voice sounds, does this speaker show signs of depression? Answer with one word, Yes or No."
agreement_448_a003384,448,agreement,0.5778371293,0.9933734238,"Based only on how this person's voice sounds, does this speaker show signs of depression? Answer with one word, Yes or No."
agreement_449_a003417,449,agreement,0.2452426117,0.9954694808,"Based only on how this person's voice sounds, does this speaker show signs of depression? Answer with one word, Yes or No."
agreement_449_a003399,449,agreement,0.1068055386,0.9950983077,"Based only on how this person's voice sounds, does this speaker show signs of depression? Answer with one word, Yes or No."
agreement_451_a003483,451,agreement,0.3210747789,0.9970498085,"Based only on how this person's voice sounds, does this speaker show signs of depression? Answer with one word, Yes or No."
agreement_451_a003462,451,agreement,0.0716331018,0.9979954958,"Based only on how this person's voice sounds, does this speaker show signs of depression? Answer with one word, Yes or No."
agreement_451_a003462,451,agreement,0.0716331018,0.9979954958,"Based only on how this person's voice sounds, does this speaker show signs of depression? Answer with one word, Yes or No."
agreement_451_a003462,451,agreement,0.0716331018,0.9979954958,"Based only on how this person's voice sounds, does this speaker show signs of depression? Answer with one word, Yes or No."
agreement_451_a003462,451,agreement,0.0716331018,0.9979954958,"Based only on how this person's voice sounds, does this speaker show signs of depression? Answer with one word, Yes or No."
agreement_451_a003483,451,agreement,0.3210747789,0.9970498085,"Based only on how this person's voice sounds, does this speaker show signs of depression? Answer with one word, Yes or No."
agreement_451_a003461,451,agreement,0.1193055416,0.9973599613,"Based only on how this person's voice sounds, does this speaker show signs of depression? Answer with one word, Yes or No."
agreement_451_a003462,451,agreement,0.0716331018,0.9979954958,"Based only on how this person's voice sounds, does this speaker show signs of depression? Answer with one word, Yes or No."
agreement_451_a003462,451,agreement,0.0716331018,0.9979954958,"Based only on how this person's voice sounds, does this speaker show signs of depression? Answer with one word, Yes or No."
agreement_452_a003493,452,agreement,0.5003133788,0.9976464808,"Based only on how this person's voice sounds, does this speaker show signs of depression? Answer with one word, Yes or No."
agreement_452_a003493,452,agreement,0.5003133788,0.9976464808,"Based only on how this person's voice sounds, does this speaker show signs of depression? Answer with one word, Yes or No."
agreement_452_a003493,452,agreement,0.5003133788,0.9976464808,"Based only on how this person's voice sounds, does this speaker show signs of depression? Answer with one word, Yes or No."
agreement_452_a003493,452,agreement,0.5003133788,0.9976464808,"Based only on how this person's voice sounds, does this speaker show signs of depression? Answer with one word, Yes or No."
agreement_453_a003511,453,agreement,0.4381290251,0.9943729937,"Based only on how this person's voice sounds, does this speaker show signs of depression? Answer with one word, Yes or No."
agreement_453_a003511,453,agreement,0.4381290251,0.9943729937,"Based only on how this person's voice sounds, does this speaker show signs of depression? Answer with one word, Yes or No."
agreement_453_a003504,453,agreement,0.5003363115,0.9957692623,"Based only on how this person's voice sounds, does this speaker show signs of depression? Answer with one word, Yes or No."
agreement_453_a003511,453,agreement,0.4381290251,0.9943729937,"Based only on how this person's voice sounds, does this speaker show signs of depression? Answer with one word, Yes or No."
agreement_453_a003511,453,agreement,0.4381290251,0.9943729937,"Based only on how this person's voice sounds, does this speaker show signs of depression? Answer with one word, Yes or No."
agreement_453_a003511,453,agreement,0.4381290251,0.9943729937,"Based only on how this person's voice sounds, does this speaker show signs of depression? Answer with one word, Yes or No."
agreement_454_a003526,454,agreement,0.1404461381,0.9958956987,"Based only on how this person's voice sounds, does this speaker show signs of depression? Answer with one word, Yes or No."
agreement_454_a003526,454,agreement,0.1404461381,0.9958956987,"Based only on how this person's voice sounds, does this speaker show signs of depression? Answer with one word, Yes or No."
agreement_454_a003526,454,agreement,0.1404461381,0.9958956987,"Based only on how this person's voice sounds, does this speaker show signs of depression? Answer with one word, Yes or No."
agreement_454_a003526,454,agreement,0.1404461381,0.9958956987,"Based only on how this person's voice sounds, does this speaker show signs of depression? Answer with one word, Yes or No."
agreement_454_a003534,454,agreement,0.0851823275,0.9950659871,"Based only on how this person's voice sounds, does this speaker show signs of depression? Answer with one word, Yes or No."
agreement_455_a003542,455,agreement,0.0954104698,0.9969741404,"Based only on how this person's voice sounds, does this speaker show signs of depression? Answer with one word, Yes or No."
agreement_457_a003596,457,agreement,0.1734094448,0.9966338575,"Based only on how this person's voice sounds, does this speaker show signs of depression? Answer with one word, Yes or No."
agreement_457_a003598,457,agreement,0.1260245139,0.9977478832,"Based only on how this person's voice sounds, does this speaker show signs of depression? Answer with one word, Yes or No."
agreement_457_a003595,457,agreement,0.1330459437,0.9972177893,"Based only on how this person's voice sounds, does this speaker show signs of depression? Answer with one word, Yes or No."
agreement_457_a003602,457,agreement,0.0474659314,0.9982595555,"Based only on how this person's voice sounds, does this speaker show signs of depression? Answer with one word, Yes or No."
agreement_457_a003602,457,agreement,0.0474659314,0.9982595555,"Based only on how this person's voice sounds, does this speaker show signs of depression? Answer with one word, Yes or No."
agreement_461_a003662,461,agreement,0.2229145262,0.9961529821,"Based only on how this person's voice sounds, does this speaker show signs of depression? Answer with one word, Yes or No."
agreement_461_a003665,461,agreement,0.4075960287,0.9951827228,"Based only on how this person's voice sounds, does this speaker show signs of depression? Answer with one word, Yes or No."
agreement_461_a003665,461,agreement,0.4075960287,0.9951827228,"Based only on how this person's voice sounds, does this speaker show signs of depression? Answer with one word, Yes or No."
agreement_461_a003660,461,agreement,0.3925412056,0.9958269596,"Based only on how this person's voice sounds, does this speaker show signs of depression? Answer with one word, Yes or No."
agreement_461_a003662,461,agreement,0.2229145262,0.9961529821,"Based only on how this person's voice sounds, does this speaker show signs of depression? Answer with one word, Yes or No."
agreement_461_a003660,461,agreement,0.3925412056,0.9958269596,"Based only on how this person's voice sounds, does this speaker show signs of depression? Answer with one word, Yes or No."
agreement_463_a003717,463,agreement,0.1330578078,0.9972233921,"Based only on how this person's voice sounds, does this speaker show signs of depression? Answer with one word, Yes or No."
agreement_463_a003717,463,agreement,0.1330578078,0.9972233921,"Based only on how this person's voice sounds, does this speaker show signs of depression? Answer with one word, Yes or No."
agreement_464_a003727,464,agreement,0.1260048355,0.9958979189,"Based only on how this person's voice sounds, does this speaker show signs of depression? Answer with one word, Yes or No."
agreement_464_a003724,464,agreement,0.1067727032,0.9971581027,"Based only on how this person's voice sounds, does this speaker show signs of depression? Answer with one word, Yes or No."
agreement_464_a003727,464,agreement,0.1260048355,0.9958979189,"Based only on how this person's voice sounds, does this speaker show signs of depression? Answer with one word, Yes or No."
agreement_465_a003774,465,agreement,0.0293243161,0.9985101465,"Based only on how this person's voice sounds, does this speaker show signs of depression? Answer with one word, Yes or No."
agreement_465_a003762,465,agreement,0.0351685073,0.9979254976,"Based only on how this person's voice sounds, does this speaker show signs of depression? Answer with one word, Yes or No."
agreement_465_a003748,465,agreement,0.0675998761,0.9969189391,"Based only on how this person's voice sounds, does this speaker show signs of depression? Answer with one word, Yes or No."
agreement_465_a003774,465,agreement,0.0293243161,0.9985101465,"Based only on how this person's voice sounds, does this speaker show signs of depression? Answer with one word, Yes or No."
agreement_465_a003773,465,agreement,0.0276016029,0.9979719464,"Based only on how this person's voice sounds, does this speaker show signs of depression? Answer with one word, Yes or No."
agreement_465_a003774,465,agreement,0.0293243161,0.9985101465,"Based only on how this person's voice sounds, does this speaker show signs of depression? Answer with one word, Yes or No."
agreement_465_a003758,465,agreement,0.1331205840,0.9969063699,"Based only on how this person's voice sounds, does this speaker show signs of depression? Answer with one word, Yes or No."
agreement_465_a003763,465,agreement,0.0447080193,0.9978247583,"Based only on how this person's voice sounds, does this speaker show signs of depression? Answer with one word, Yes or No."
agreement_465_a003748,465,agreement,0.0675998761,0.9969189391,"Based only on how this person's voice sounds, does this speaker show signs of depression? Answer with one word, Yes or No."
agreement_467_a003809,467,agreement,0.0676164059,0.9973089248,"Based only on how this person's voice sounds, does this speaker show signs of depression? Answer with one word, Yes or No."
agreement_467_a003810,467,agreement,0.0396734085,0.9985989816,"Based only on how this person's voice sounds, does this speaker show signs of depression? Answer with one word, Yes or No."
agreement_467_a003811,467,agreement,0.1646119966,0.9967189878,"Based only on how this person's voice sounds, does this speaker show signs of depression? Answer with one word, Yes or No."
agreement_468_a003849,468,agreement,0.1920709367,0.9963195026,"Based only on how this person's voice sounds, does this speaker show signs of depression? Answer with one word, Yes or No."
agreement_468_a003851,468,agreement,0.1404308037,0.9970187545,"Based only on how this person's voice sounds, does this speaker show signs of depression? Answer with one word, Yes or No."
agreement_468_a003847,468,agreement,0.0954019156,0.9973608479,"Based only on how this person's voice sounds, does this speaker show signs of depression? Answer with one word, Yes or No."
agreement_469_a003864,469,agreement,0.1733824571,0.9973538965,"Based only on how this person's voice sounds, does this speaker show signs of depression? Answer with one word, Yes or No."
agreement_469_a003884,469,agreement,0.8083548275,0.9971281737,"Based only on how this person's voice sounds, does this speaker show signs of depression? Answer with one word, Yes or No."
agreement_469_a003884,469,agreement,0.8083548275,0.9971281737,"Based only on how this person's voice sounds, does this speaker show signs of depression? Answer with one word, Yes or No."
agreement_469_a003892,469,agreement,0.1920578085,0.9977045655,"Based only on how this person's voice sounds, does this speaker show signs of depression? Answer with one word, Yes or No."
agreement_469_a003889,469,agreement,0.0534403195,0.9972216971,"Based only on how this person's voice sounds, does this speaker show signs of depression? Answer with one word, Yes or No."
agreement_469_a003892,469,agreement,0.1920578085,0.9977045655,"Based only on how this person's voice sounds, does this speaker show signs of depression? Answer with one word, Yes or No."
agreement_469_a003864,469,agreement,0.1733824571,0.9973538965,"Based only on how this person's voice sounds, does this speaker show signs of depression? Answer with one word, Yes or No."
agreement_469_a003862,469,agreement,0.0901695256,0.9965650588,"Based only on how this person's voice sounds, does this speaker show signs of depression? Answer with one word, Yes or No."
agreement_470_a003904,470,agreement,0.2019533298,0.9959526956,"Based only on how this person's voice sounds, does this speaker show signs of depression? Answer with one word, Yes or No."
agreement_470_a003909,470,agreement,0.2019562922,0.9955596477,"Based only on how this person's voice sounds, does this speaker show signs of depression? Answer with one word, Yes or No."
agreement_470_a003909,470,agreement,0.2019562922,0.9955596477,"Based only on how this person's voice sounds, does this speaker show signs of depression? Answer with one word, Yes or No."
agreement_470_a003903,470,agreement,0.3926298811,0.9952092469,"Based only on how this person's voice sounds, does this speaker show signs of depression? Answer with one word, Yes or No."
agreement_470_a003916,470,agreement,0.1192575996,0.9976370782,"Based only on how this person's voice sounds, does this speaker show signs of depression? Answer with one word, Yes or No."
agreement_471_a003918,471,agreement,0.2019335611,0.9970292002,"Based only on how this person's voice sounds, does this speaker show signs of depression? Answer with one word, Yes or No."
agreement_471_a003928,471,agreement,0.1128785354,0.9969268888,"Based only on how this person's voice sounds, does this speaker show signs of depression? Answer with one word, Yes or No."
agreement_471_a003934,471,agreement,0.1009344447,0.9979759753,"Based only on how this person's voice sounds, does this speaker show signs of depression? Answer with one word, Yes or No."
agreement_471_a003919,471,agreement,0.1260336034,0.9968001842,"Based only on how this person's voice sounds, does this speaker show signs of depression? Answer with one word, Yes or No."
agreement_472_a003939,472,agreement,0.2019035792,0.9963941276,"Based only on how this person's voice sounds, does this speaker show signs of depression? Answer with one word, Yes or No."
agreement_472_a003938,472,agreement,0.2019668452,0.9962062538,"Based only on how this person's voice sounds, does this speaker show signs of depression? Answer with one word, Yes or No."
agreement_472_a003948,472,agreement,0.1481412601,0.9969037473,"Based only on how this person's voice sounds, does this speaker show signs of depression? Answer with one word, Yes or No."
agreement_472_a003950,472,agreement,0.2452750898,0.9966756254,"Based only on how this person's voice sounds, does this speaker show signs of depression? Answer with one word, Yes or No."
agreement_472_a003947,472,agreement,0.3075143843,0.9957797527,"Based only on how this person's voice sounds, does this speaker show signs of depression? Answer with one word, Yes or No."
agreement_474_a003975,474,agreement,0.1330108610,0.9970446825,"Based only on how this person's voice sounds, does this speaker show signs of depression? Answer with one word, Yes or No."
agreement_474_a003975,474,agreement,0.1330108610,0.9970446825,"Based only on how this person's voice sounds, does this speaker show signs of depression? Answer with one word, Yes or No."
agreement_474_a003964,474,agreement,0.0638084870,0.9966752231,"Based only on how this person's voice sounds, does this speaker show signs of depression? Answer with one word, Yes or No."
agreement_474_a003965,474,agreement,0.0716372728,0.9975855425,"Based only on how this person's voice sounds, does this speaker show signs of depression? Answer with one word, Yes or No."
agreement_474_a003965,474,agreement,0.0716372728,0.9975855425,"Based only on how this person's voice sounds, does this speaker show signs of depression? Answer with one word, Yes or No."
agreement_474_a003968,474,agreement,0.1067689977,0.9971231371,"Based only on how this person's voice sounds, does this speaker show signs of depression? Answer with one word, Yes or No."
agreement_476_a004001,476,agreement,0.2452899239,0.9965931773,"Based only on how this person's voice sounds, does this speaker show signs of depression? Answer with one word, Yes or No."
agreement_476_a004003,476,agreement,0.0804177671,0.9981360063,"Based only on how this person's voice sounds, does this speaker show signs of depression? Answer with one word, Yes or No."
agreement_476_a004001,476,agreement,0.2452899239,0.9965931773,"Based only on how this person's voice sounds, does this speaker show signs of depression? Answer with one word, Yes or No."
agreement_477_a004009,477,agreement,0.1825653646,0.9976730496,"Based only on how this person's voice sounds, does this speaker show signs of depression? Answer with one word, Yes or No."
agreement_477_a004024,477,agreement,0.0804109718,0.9974186942,"Based only on how this person's voice sounds, does this speaker show signs of depression? Answer with one word, Yes or No."
agreement_477_a004008,477,agreement,0.1260533950,0.9959062636,"Based only on how this person's voice sounds, does this speaker show signs of depression? Answer with one word, Yes or No."
agreement_477_a004036,477,agreement,0.1192772104,0.9970595390,"Based only on how this person's voice sounds, does this speaker show signs of depression? Answer with one word, Yes or No."
agreement_477_a004011,477,agreement,0.0351637386,0.9978978932,"Based only on how this person's voice sounds, does this speaker show signs of depression? Answer with one word, Yes or No."
agreement_477_a004024,477,agreement,0.0804109718,0.9974186942,"Based only on how this person's voice sounds, does this speaker show signs of depression? Answer with one word, Yes or No."
agreement_477_a004036,477,agreement,0.1192772104,0.9970595390,"Based only on how this person's voice sounds, does this speaker show signs of depression? Answer with one word, Yes or No."
agreement_477_a004030,477,agreement,0.1562464260,0.9963357896,"Based only on how this person's voice sounds, does this speaker show signs of depression? Answer with one word, Yes or No."
agreement_478_a004059,478,agreement,0.1260068575,0.9959143400,"Based only on how this person's voice sounds, does this speaker show signs of depression? Answer with one word, Yes or No."
agreement_478_a004054,478,agreement,0.0275960974,0.9981935211,"Based only on how this person's voice sounds, does this speaker show signs of depression? Answer with one word, Yes or No."
agreement_478_a004057,478,agreement,0.1009387886,0.9974867553,"Based only on how this person's voice sounds, does this speaker show signs of depression? Answer with one word, Yes or No."
agreement_478_a004040,478,agreement,0.0804143128,0.9976290837,"Based only on how this person's voice sounds, does this speaker show signs of depression? Answer with one word, Yes or No."
agreement_480_a004079,480,agreement,0.1404172667,0.9967184067,"Based only on how this person's voice sounds, does this speaker show signs of depression? Answer with one word, Yes or No."
agreement_480_a004080,480,agreement,0.1562098638,0.9972516149,"Based only on how this person's voice sounds, does this speaker show signs of depression? Answer with one word, Yes or No."
agreement_480_a004082,480,agreement,0.1330495951,0.9963475317,"Based only on how this person's voice sounds, does this speaker show signs of depression? Answer with one word, Yes or No."
agreement_482_a004140,482,agreement,0.1009538930,0.9978570789,"Based only on how this person's voice sounds, does this speaker show signs of depression? Answer with one word, Yes or No."
agreement_482_a004140,482,agreement,0.1009538930,0.9978570789,"Based only on how this person's voice sounds, does this speaker show signs of depression? Answer with one word, Yes or No."
agreement_482_a004140,482,agreement,0.1009538930,0.9978570789,"Based only on how this person's voice sounds, does this speaker show signs of depression? Answer with one word, Yes or No."
agreement_485_a004229,485,agreement,0.9497141952,0.9981297217,"Based only on how this person's voice sounds, does this speaker show signs of depression? Answer with one word, Yes or No."
agreement_486_a004239,486,agreement,0.1330459212,0.9977375269,"Based only on how this person's voice sounds, does this speaker show signs of depression? Answer with one word, Yes or No."
agreement_486_a004245,486,agreement,0.2019328296,0.9972646683,"Based only on how this person's voice sounds, does this speaker show signs of depression? Answer with one word, Yes or No."
agreement_487_a004251,487,agreement,0.1481385043,0.9971353412,"Based only on how this person's voice sounds, does this speaker show signs of depression? Answer with one word, Yes or No."
agreement_487_a004265,487,agreement,0.3489078804,0.9944767654,"Based only on how this person's voice sounds, does this speaker show signs of depression? Answer with one word, Yes or No."
agreement_487_a004265,487,agreement,0.3489078804,0.9944767654,"Based only on how this person's voice sounds, does this speaker show signs of depression? Answer with one word, Yes or No."
agreement_487_a004270,487,agreement,0.1067470791,0.9965858012,"Based only on how this person's voice sounds, does this speaker show signs of depression? Answer with one word, Yes or No."
agreement_488_a004279,488,agreement,0.1128608408,0.9965581670,"Based only on how this person's voice sounds, does this speaker show signs of depression? Answer with one word, Yes or No."
agreement_488_a004280,488,agreement,0.1330579860,0.9960827827,"Based only on how this person's voice sounds, does this speaker show signs of depression? Answer with one word, Yes or No."
agreement_488_a004291,488,agreement,0.1481516577,0.9965180606,"Based only on how this person's voice sounds, does this speaker show signs of depression? Answer with one word, Yes or No."
agreement_488_a004280,488,agreement,0.1330579860,0.9960827827,"Based only on how this person's voice sounds, does this speaker show signs of depression? Answer with one word, Yes or No."
agreement_488_a004290,488,agreement,0.3488390435,0.9960509539,"Based only on how this person's voice sounds, does this speaker show signs of depression? Answer with one word, Yes or No."
agreement_488_a004290,488,agreement,0.3488390435,0.9960509539,"Based only on how this person's voice sounds, does this speaker show signs of depression? Answer with one word, Yes or No."
agreement_488_a004280,488,agreement,0.1330579860,0.9960827827,"Based only on how this person's voice sounds, does this speaker show signs of depression? Answer with one word, Yes or No."
agreement_489_a004310,489,agreement,0.0474445829,0.9981223606,"Based only on how this person's voice sounds, does this speaker show signs of depression? Answer with one word, Yes or No."
agreement_489_a004298,489,agreement,0.1562610196,0.9955445081,"Based only on how this person's voice sounds, does this speaker show signs of depression? Answer with one word, Yes or No."
agreement_490_a004318,490,agreement,0.2570559229,0.9972377419,"Based only on how this person's voice sounds, does this speaker show signs of depression? Answer with one word, Yes or No."
agreement_492_a004366,492,agreement,0.2020425807,0.9958907962,"Based only on how this person's voice sounds, does this speaker show signs of depression? Answer with one word, Yes or No."
agreement_603_a004419,603,agreement,0.1260311717,0.9975179434,"Based only on how this person's voice sounds, does this speaker show signs of depression? Answer with one word, Yes or No."
agreement_603_a004419,603,agreement,0.1260311717,0.9975179434,"Based only on how this person's voice sounds, does this speaker show signs of depression? Answer with one word, Yes or No."
agreement_603_a004412,603,agreement,0.0758889752,0.9971755520,"Based only on how this person's voice sounds, does this speaker show signs of depression? Answer with one word, Yes or No."
agreement_603_a004415,603,agreement,0.0566890308,0.9959541671,"Based only on how this person's voice sounds, does this speaker show signs of depression? Answer with one word, Yes or No."
agreement_603_a004419,603,agreement,0.1260311717,0.9975179434,"Based only on how this person's voice sounds, does this speaker show signs of depression? Answer with one word, Yes or No."
agreement_603_a004419,603,agreement,0.1260311717,0.9975179434,"Based only on how this person's voice sounds, does this speaker show signs of depression? Answer with one word, Yes or No."
agreement_603_a004419,603,agreement,0.1260311717,0.9975179434,"Based only on how this person's voice sounds, does this speaker show signs of depression? Answer with one word, Yes or No."
agreement_605_a004458,605,agreement,0.1330617391,0.9975797236,"Based only on how this person's voice sounds, does this speaker show signs of depression? Answer with one word, Yes or No."
agreement_608_a004515,608,agreement,0.1646127037,0.9971781820,"Based only on how this person's voice sounds, does this speaker show signs of depression? Answer with one word, Yes or No."
agreement_608_a004507,608,agreement,0.2815642122,0.9959605932,"Based only on how this person's voice sounds, does this speaker show signs of depression? Answer with one word, Yes or No."
agreement_608_a004514,608,agreement,0.0601176429,0.9982184656,"Based only on how this person's voice sounds, does this speaker show signs of depression? Answer with one word, Yes or No."
agreement_608_a004514,608,agreement,0.0601176429,0.9982184656,"Based only on how this person's voice sounds, does this speaker show signs of depression? Answer with one word, Yes or No."
agreement_608_a004514,608,agreement,0.0601176429,0.9982184656,"Based only on how this person's voice sounds, does this speaker show signs of depression? Answer with one word, Yes or No."
agreement_608_a004493,608,agreement,0.2121769087,0.9968446195,"Based only on how this person's voice sounds, does this speaker show signs of depression? Answer with one word, Yes or No."
agreement_608_a004505,608,agreement,0.3631341131,0.9969196022,"Based only on how this person's voice sounds, does this speaker show signs of depression? Answer with one word, Yes or No."
agreement_608_a004514,608,agreement,0.0601176429,0.9982184656,"Based only on how this person's voice sounds, does this speaker show signs of depression? Answer with one word, Yes or No."
agreement_608_a004495,608,agreement,0.1481596868,0.9976402819,"Based only on how this person's voice sounds, does this speaker show signs of depression? Answer with one word, Yes or No."
agreement_608_a004514,608,agreement,0.0601176429,0.9982184656,"Based only on how this person's voice sounds, does this speaker show signs of depression? Answer with one word, Yes or No."
agreement_609_a004543,609,agreement,0.0275940565,0.9985383004,"Based only on how this person's voice sounds, does this speaker show signs of depression? Answer with one word, Yes or No."
agreement_609_a004547,609,agreement,0.1561958472,0.9966962934,"Based only on how this person's voice sounds, does this speaker show signs of depression? Answer with one word, Yes or No."
agreement_609_a004521,609,agreement,0.0804200310,0.9978117198,"Based only on how this person's voice sounds, does this speaker show signs of depression? Answer with one word, Yes or No."
agreement_609_a004524,609,agreement,0.1481429899,0.9971622825,"Based only on how this person's voice sounds, does this speaker show signs of depression? Answer with one word, Yes or No."
agreement_609_a004543,609,agreement,0.0275940565,0.9985383004,"Based only on how this person's voice sounds, does this speaker show signs of depression? Answer with one word, Yes or No."
agreement_609_a004543,609,agreement,0.0275940565,0.9985383004,"Based only on how this person's voice sounds, does this speaker show signs of depression? Answer with one word, Yes or No."
agreement_609_a004551,609,agreement,0.0901652062,0.9977785796,"Based only on how this person's voice sounds, does this speaker show signs of depression? Answer with one word, Yes or No."
agreement_612_a004557,612,agreement,0.1404162662,0.9971366227,"Based only on how this person's voice sounds, does this speaker show signs of depression? Answer with one word, Yes or No."
agreement_612_a004556,612,agreement,0.1561826185,0.9971617758,"Based only on how this person's voice sounds, does this speaker show signs of depression? Answer with one word, Yes or No."
agreement_612_a004558,612,agreement,0.2452247556,0.9968296438,"Based only on how this person's voice sounds, does this speaker show signs of depression? Answer with one word, Yes or No."
agreement_615_a004600,615,agreement,0.2944557596,0.9964434505,"Based only on how this person's voice sounds, does this speaker show signs of depression? Answer with one word, Yes or No."
agreement_615_a004580,615,agreement,0.1825106228,0.9978084266,"Based only on how this person's voice sounds, does this speaker show signs of depression? Answer with one word, Yes or No."
agreement_615_a004580,615,agreement,0.1825106228,0.9978084266,"Based only on how this person's voice sounds, does this speaker show signs of depression? Answer with one word, Yes or No."
agreement_615_a004604,615,agreement,0.1481195412,0.9976460934,"Based only on how this person's voice sounds, does this speaker show signs of depression? Answer with one word, Yes or No."
agreement_615_a004589,615,agreement,0.3631299825,0.9976959229,"Based only on how this person's voice sounds, does this speaker show signs of depression? Answer with one word, Yes or No."
agreement_620_a004684,620,agreement,0.0637500981,0.9975220487,"Based only on how this person's voice sounds, does this speaker show signs of depression? Answer with one word, Yes or No."
agreement_620_a004681,620,agreement,0.0351584451,0.9983117580,"Based only on how this person's voice sounds, does this speaker show signs of depression? Answer with one word, Yes or No."
agreement_622_a004702,622,agreement,0.4534436200,0.9975269139,"Based only on how this person's voice sounds, does this speaker show signs of depression? Answer with one word, Yes or No."
agreement_622_a004705,622,agreement,0.4846170108,0.9967956841,"Based only on how this person's voice sounds, does this speaker show signs of depression? Answer with one word, Yes or No."
agreement_624_a004759,624,agreement,0.7551470548,0.9963514656,"Based only on how this person's voice sounds, does this speaker show signs of depression? Answer with one word, Yes or No."
agreement_624_a004759,624,agreement,0.7551470548,0.9963514656,"Based only on how this person's voice sounds, does this speaker show signs of depression? Answer with one word, Yes or No."
agreement_624_a004752,624,agreement,0.8083578622,0.9959873557,"Based only on how this person's voice sounds, does this speaker show signs of depression? Answer with one word, Yes or No."
agreement_625_a004772,625,agreement,0.1825121669,0.9959455878,"Based only on how this person's voice sounds, does this speaker show signs of depression? Answer with one word, Yes or No."
agreement_625_a004791,625,agreement,0.1733473721,0.9977459908,"Based only on how this person's voice sounds, does this speaker show signs of depression? Answer with one word, Yes or No."
agreement_625_a004772,625,agreement,0.1825121669,0.9959455878,"Based only on how this person's voice sounds, does this speaker show signs of depression? Answer with one word, Yes or No."
agreement_627_a004818,627,agreement,0.2228787600,0.9969094098,"Based only on how this person's voice sounds, does this speaker show signs of depression? Answer with one word, Yes or No."
agreement_627_a004832,627,agreement,0.0851538705,0.9977626503,"Based only on how this person's voice sounds, does this speaker show signs of depression? Answer with one word, Yes or No."
agreement_627_a004827,627,agreement,0.0474811807,0.9982090816,"Based only on how this person's voice sounds, does this speaker show signs of depression? Answer with one word, Yes or No."
agreement_627_a004803,627,agreement,0.0504278537,0.9979707710,"Based only on how this person's voice sounds, does this speaker show signs of depression? Answer with one word, Yes or No."
agreement_628_a004838,628,agreement,0.0954405033,0.9973359853,"Based only on how this person's voice sounds, does this speaker show signs of depression? Answer with one word, Yes or No."
agreement_628_a004857,628,agreement,0.0447223106,0.9982303418,"Based only on how this person's voice sounds, does this speaker show signs of depression? Answer with one word, Yes or No."
agreement_628_a004841,628,agreement,0.0716591830,0.9976248816,"Based only on how this person's voice sounds, does this speaker show signs of depression? Answer with one word, Yes or No."
agreement_629_a004870,629,agreement,0.0293286511,0.9986315835,"Based only on how this person's voice sounds, does this speaker show signs of depression? Answer with one word, Yes or No."
agreement_629_a004893,629,agreement,0.1128589657,0.9973961040,"Based only on how this person's voice sounds, does this speaker show signs of depression? Answer with one word, Yes or No."
agreement_629_a004870,629,agreement,0.0293286511,0.9986315835,"Based only on how this person's voice sounds, does this speaker show signs of depression? Answer with one word, Yes or No."
agreement_632_a004929,632,agreement,0.0716697011,0.9978056252,"Based only on how this person's voice sounds, does this speaker show signs of depression? Answer with one word, Yes or No."
agreement_632_a004931,632,agreement,0.0534365125,0.9975765496,"Based only on how this person's voice sounds, does this speaker show signs of depression? Answer with one word, Yes or No."
agreement_632_a004931,632,agreement,0.0534365125,0.9975765496,"Based only on how this person's voice sounds, does this speaker show signs of depression? Answer with one word, Yes or No."
agreement_632_a004911,632,agreement,0.2338300468,0.9966728538,"Based only on how this person's voice sounds, does this speaker show signs of depression? Answer with one word, Yes or No."
agreement_632_a004914,632,agreement,0.0901438775,0.9968814179,"Based only on how this person's voice sounds, does this speaker show signs of depression? Answer with one word, Yes or No."
agreement_634_a004972,634,agreement,0.1734093232,0.9971663803,"Based only on how this person's voice sounds, does this speaker show signs of depression? Answer with one word, Yes or No."
agreement_634_a004982,634,agreement,0.0503530947,0.9985420145,"Based only on how this person's voice sounds, does this speaker show signs of depression? Answer with one word, Yes or No."
agreement_636_a005013,636,agreement,0.5314479273,0.9956247509,"Based only on how this person's voice sounds, does this speaker show signs of depression? Answer with one word, Yes or No."
agreement_636_a005017,636,agreement,0.5626664153,0.9971399307,"Based only on how this person's voice sounds, does this speaker show signs of depression? Answer with one word, Yes or No."
agreement_636_a005001,636,agreement,0.1646777636,0.9962062836,"Based only on how this person's voice sounds, does this speaker show signs of depression? Answer with one word, Yes or No."
agreement_636_a005017,636,agreement,0.5626664153,0.9971399307,"Based only on how this person's voice sounds, does this speaker show signs of depression? Answer with one word, Yes or No."
agreement_636_a005018,636,agreement,0.6372414634,0.9947968423,"Based only on how this person's voice sounds, does this speaker show signs of depression? Answer with one word, Yes or No."
agreement_636_a005006,636,agreement,0.8440600568,0.9972864240,"Based only on how this person's voice sounds, does this speaker show signs of depression? Answer with one word, Yes or No."
agreement_636_a005017,636,agreement,0.5626664153,0.9971399307,"Based only on how this person's voice sounds, does this speaker show signs of depression? Answer with one word, Yes or No."
agreement_637_a005047,637,agreement,0.8268471217,0.9980228245,"Based only on how this person's voice sounds, does this speaker show signs of depression? Answer with one word, Yes or No."
agreement_637_a005038,637,agreement,0.0804541664,0.9976367354,"Based only on how this person's voice sounds, does this speaker show signs of depression? Answer with one word, Yes or No."
agreement_637_a005053,637,agreement,0.8439981861,0.9970474541,"Based only on how this person's voice sounds, does this speaker show signs of depression? Answer with one word, Yes or No."
agreement_637_a005041,637,agreement,0.9197854184,0.9978413135,"Based only on how this person's voice sounds, does this speaker show signs of depression? Answer with one word, Yes or No."
agreement_637_a005041,637,agreement,0.9197854184,0.9978413135,"Based only on how this person's voice sounds, does this speaker show signs of depression? Answer with one word, Yes or No."
agreement_637_a005038,637,agreement,0.0804541664,0.9976367354,"Based only on how this person's voice sounds, does this speaker show signs of depression? Answer with one word, Yes or No."
agreement_638_a005062,638,agreement,0.6515878514,0.9966985285,"Based only on how this person's voice sounds, does this speaker show signs of depression? Answer with one word, Yes or No."
agreement_640_a005078,640,agreement,0.8522953125,0.9966026247,"Based only on how this person's voice sounds, does this speaker show signs of depression? Answer with one word, Yes or No."
agreement_640_a005077,640,agreement,0.8672478949,0.9970867187,"Based only on how this person's voice sounds, does this speaker show signs of depression? Answer with one word, Yes or No."
agreement_640_a005078,640,agreement,0.8522953125,0.9966026247,"Based only on how this person's voice sounds, does this speaker show signs of depression? Answer with one word, Yes or No."
agreement_640_a005078,640,agreement,0.8522953125,0.9966026247,"Based only on how this person's voice sounds, does this speaker show signs of depression? Answer with one word, Yes or No."
agreement_640_a005078,640,agreement,0.8522953125,0.9966026247,"Based only on how this person's voice sounds, does this speaker show signs of depression? Answer with one word, Yes or No."
agreement_640_a005075,640,agreement,0.4227062072,0.9971115589,"Based only on how this person's voice sounds, does this speaker show signs of depression? Answer with one word, Yes or No."
agreement_640_a005078,640,agreement,0.8522953125,0.9966026247,"Based only on how this person's voice sounds, does this speaker show signs of depression? Answer with one word, Yes or No."
agreement_640_a005078,640,agreement,0.8522953125,0.9966026247,"Based only on how this person's voice sounds, does this speaker show signs of depression? Answer with one word, Yes or No."
agreement_641_a005092,641,agreement,0.9047748117,0.9973264486,"Based only on how this person's voice sounds, does this speaker show signs of depression? Answer with one word, Yes or No."
agreement_641_a005089,641,agreement,0.3631906573,0.9951633811,"Based only on how this person's voice sounds, does this speaker show signs of depression? Answer with one word, Yes or No."
agreement_641_a005092,641,agreement,0.9047748117,0.9973264486,"Based only on how this person's voice sounds, does this speaker show signs of depression? Answer with one word, Yes or No."
agreement_641_a005089,641,agreement,0.3631906573,0.9951633811,"Based only on how this person's voice sounds, does this speaker show signs of depression? Answer with one word, Yes or No."
agreement_649_a005100,649,agreement,0.4075706675,0.9966553152,"Based only on how this person's voice sounds, does this speaker show signs of depression? Answer with one word, Yes or No."
agreement_649_a005108,649,agreement,0.3777617799,0.9946994185,"Based only on how this person's voice sounds, does this speaker show signs of depression? Answer with one word, Yes or No."
agreement_649_a005100,649,agreement,0.4075706675,0.9966553152,"Based only on how this person's voice sounds, does this speaker show signs of depression? Answer with one word, Yes or No."
agreement_650_a005139,650,agreement,0.4075247001,0.9968606830,"Based only on how this person's voice sounds, does this speaker show signs of depression? Answer with one word, Yes or No."
agreement_650_a005139,650,agreement,0.4075247001,0.9968606830,"Based only on how this person's voice sounds, does this speaker show signs of depression? Answer with one word, Yes or No."
agreement_650_a005139,650,agreement,0.4075247001,0.9968606830,"Based only on how this person's voice sounds, does this speaker show signs of depression? Answer with one word, Yes or No."
agreement_650_a005139,650,agreement,0.4075247001,0.9968606830,"Based only on how this person's voice sounds, does this speaker show signs of depression? Answer with one word, Yes or No."
agreement_659_a005276,659,agreement,0.8082753681,0.9981111884,"Based only on how this person's voice sounds, does this speaker show signs of depression? Answer with one word, Yes or No."
agreement_659_a005276,659,agreement,0.8082753681,0.9981111884,"Based only on how this person's voice sounds, does this speaker show signs of depression? Answer with one word, Yes or No."
agreement_659_a005287,659,agreement,0.7664978468,0.9956299961,"Based only on how this person's voice sounds, does this speaker show signs of depression? Answer with one word, Yes or No."
agreement_659_a005288,659,agreement,0.7433535621,0.9962482750,"Based only on how this person's voice sounds, does this speaker show signs of depression? Answer with one word, Yes or No."
agreement_659_a005276,659,agreement,0.8082753681,0.9981111884,"Based only on how this person's voice sounds, does this speaker show signs of depression? Answer with one word, Yes or No."
agreement_659_a005289,659,agreement,0.6228614642,0.9939381778,"Based only on how this person's voice sounds, does this speaker show signs of depression? Answer with one word, Yes or No."
agreement_659_a005275,659,agreement,0.7060152368,0.9970934391,"Based only on how this person's voice sounds, does this speaker show signs of depression? Answer with one word, Yes or No."
agreement_659_a005295,659,agreement,0.8081828814,0.9972745329,"Based only on how this person's voice sounds, does this speaker show signs of depression? Answer with one word, Yes or No."
agreement_659_a005275,659,agreement,0.7060152368,0.9970934391,"Based only on how this person's voice sounds, does this speaker show signs of depression? Answer with one word, Yes or No."
agreement_659_a005287,659,agreement,0.7664978468,0.9956299961,"Based only on how this person's voice sounds, does this speaker show signs of depression? Answer with one word, Yes or No."
agreement_660_a005306,660,agreement,0.3489278404,0.9967865348,"Based only on how this person's voice sounds, does this speaker show signs of depression? Answer with one word, Yes or No."
agreement_660_a005306,660,agreement,0.3489278404,0.9967865348,"Based only on how this person's voice sounds, does this speaker show signs of depression? Answer with one word, Yes or No."
agreement_660_a005305,660,agreement,0.2228650787,0.9961873889,"Based only on how this person's voice sounds, does this speaker show signs of depression? Answer with one word, Yes or No."
agreement_660_a005306,660,agreement,0.3489278404,0.9967865348,"Based only on how this person's voice sounds, does this speaker show signs of depression? Answer with one word, Yes or No."
agreement_660_a005326,660,agreement,0.2122294104,0.9957886785,"Based only on how this person's voice sounds, does this speaker show signs of depression? Answer with one word, Yes or No."
agreement_660_a005306,660,agreement,0.3489278404,0.9967865348,"Based only on how this person's voice sounds, does this speaker show signs of depression? Answer with one word, Yes or No."
agreement_661_a005352,661,agreement,0.9197225999,0.9975188747,"Based only on how this person's voice sounds, does this speaker show signs of depression? Answer with one word, Yes or No."
agreement_661_a005351,661,agreement,0.9100002866,0.9974121526,"Based only on how this person's voice sounds, does this speaker show signs of depression? Answer with one word, Yes or No."
agreement_661_a005340,661,agreement,0.4535327452,0.9959877431,"Based only on how this person's voice sounds, does this speaker show signs of depression? Answer with one word, Yes or No."
agreement_661_a005354,661,agreement,0.4228036343,0.9937660396,"Based only on how this person's voice sounds, does this speaker show signs of depression? Answer with one word, Yes or No."
agreement_662_a005373,662,agreement,0.1404174911,0.9973161817,"Based only on how this person's voice sounds, does this speaker show signs of depression? Answer with one word, Yes or No."
agreement_667_a005473,667,agreement,0.1481698157,0.9970909655,"Based only on how this person's voice sounds, does this speaker show signs of depression? Answer with one word, Yes or No."
agreement_667_a005473,667,agreement,0.1481698157,0.9970909655,"Based only on how this person's voice sounds, does this speaker show signs of depression? Answer with one word, Yes or No."
agreement_667_a005473,667,agreement,0.1481698157,0.9970909655,"Based only on how this person's voice sounds, does this speaker show signs of depression? Answer with one word, Yes or No."
agreement_667_a005466,667,agreement,0.2019897497,0.9975657761,"Based only on how this person's voice sounds, does this speaker show signs of depression? Answer with one word, Yes or No."
agreement_667_a005466,667,agreement,0.2019897497,0.9975657761,"Based only on how this person's voice sounds, does this speaker show signs of depression? Answer with one word, Yes or No."
agreement_670_a005529,670,agreement,0.1562801222,0.9968310297,"Based only on how this person's voice sounds, does this speaker show signs of depression? Answer with one word, Yes or No."
agreement_670_a005529,670,agreement,0.1562801222,0.9968310297,"Based only on how this person's voice sounds, does this speaker show signs of depression? Answer with one word, Yes or No."
agreement_680_a005626,680,agreement,0.7550087249,0.9964252263,"Based only on how this person's voice sounds, does this speaker show signs of depression? Answer with one word, Yes or No."
agreement_680_a005622,680,agreement,0.6226491470,0.9938463271,"Based only on how this person's voice sounds, does this speaker show signs of depression? Answer with one word, Yes or No."
agreement_680_a005631,680,agreement,0.7983918743,0.9950825721,"Based only on how this person's voice sounds, does this speaker show signs of depression? Answer with one word, Yes or No."
agreement_680_a005602,680,agreement,0.4380334914,0.9949582815,"Based only on how this person's voice sounds, does this speaker show signs of depression? Answer with one word, Yes or No."
agreement_680_a005602,680,agreement,0.4380334914,0.9949582815,"Based only on how this person's voice sounds, does this speaker show signs of depression? Answer with one word, Yes or No."
agreement_680_a005631,680,agreement,0.7983918743,0.9950825721,"Based only on how this person's voice sounds, does this speaker show signs of depression? Answer with one word, Yes or No."
agreement_680_a005610,680,agreement,0.3632608750,0.9948599339,"Based only on how this person's voice sounds, does this speaker show signs of depression? Answer with one word, Yes or No."
agreement_680_a005609,680,agreement,0.5779182943,0.9965553284,"Based only on how this person's voice sounds, does this speaker show signs of depression? Answer with one word, Yes or No."
agreement_684_a005687,684,agreement,0.2691834692,0.9951227903,"Based only on how this person's voice sounds, does this speaker show signs of depression? Answer with one word, Yes or No."
agreement_684_a005687,684,agreement,0.2691834692,0.9951227903,"Based only on how this person's voice sounds, does this speaker show signs of depression? Answer with one word, Yes or No."
agreement_688_a005740,688,agreement,0.8357370553,0.9973629415,"Based only on how this person's voice sounds, does this speaker show signs of depression? Answer with one word, Yes or No."
agreement_688_a005741,688,agreement,0.8521304685,0.9967782795,"Based only on how this person's voice sounds, does this speaker show signs of depression? Answer with one word, Yes or No."
agreement_688_a005732,688,agreement,0.7551840951,0.9964939952,"Based only on how this person's voice sounds, does this speaker show signs of depression? Answer with one word, Yes or No."
agreement_688_a005732,688,agreement,0.7551840951,0.9964939952,"Based only on how this person's voice sounds, does this speaker show signs of depression? Answer with one word, Yes or No."
agreement_688_a005732,688,agreement,0.7551840951,0.9964939952,"Based only on how this person's voice sounds, does this speaker show signs of depression? Answer with one word, Yes or No."
agreement_698_a005907,698,agreement,0.4227708033,0.9967890382,"Based only on how this person's voice sounds, does this speaker show signs of depression? Answer with one word, Yes or No."
agreement_698_a005919,698,agreement,0.6793615750,0.9954164922,"Based only on how this person's voice sounds, does this speaker show signs of depression? Answer with one word, Yes or No."
agreement_698_a005914,698,agreement,0.9755932042,0.9985096343,"Based only on how this person's voice sounds, does this speaker show signs of depression? Answer with one word, Yes or No."
agreement_698_a005917,698,agreement,0.8082299900,0.9958478063,"Based only on how this person's voice sounds, does this speaker show signs of depression? Answer with one word, Yes or No."
agreement_698_a005907,698,agreement,0.4227708033,0.9967890382,"Based only on how this person's voice sounds, does this speaker show signs of depression? Answer with one word, Yes or No."
agreement_698_a005917,698,agreement,0.8082299900,0.9958478063,"Based only on how this person's voice sounds, does this speaker show signs of depression? Answer with one word, Yes or No."
agreement_698_a005917,698,agreement,0.8082299900,0.9958478063,"Based only on how this person's voice sounds, does this speaker show signs of depression? Answer with one word, Yes or No."
agreement_698_a005905,698,agreement,0.1481577998,0.9960460812,"Based only on how this person's voice sounds, does this speaker show signs of depression? Answer with one word, Yes or No."
agreement_698_a005896,698,agreement,0.4226443435,0.9972547591,"Based only on how this person's voice sounds, does this speaker show signs of depression? Answer with one word, Yes or No."
agreement_698_a005928,698,agreement,0.4380185452,0.9975256622,"Based only on how this person's voice sounds, does this speaker show signs of depression? Answer with one word, Yes or No."
agreement_698_a005914,698,agreement,0.9755932042,0.9985096343,"Based only on how this person's voice sounds, does this speaker show signs of depression? Answer with one word, Yes or No."
agreement_698_a005921,698,agreement,0.9325456135,0.9974087030,"Based only on how this person's voice sounds, does this speaker show signs of depression? Answer with one word, Yes or No."
agreement_698_a005928,698,agreement,0.4380185452,0.9975256622,"Based only on how this person's voice sounds, does this speaker show signs of depression? Answer with one word, Yes or No."
agreement_702_a005949,702,agreement,0.0601233453,0.9982197657,"Based only on how this person's voice sounds, does this speaker show signs of depression? Answer with one word, Yes or No."
agreement_705_a005970,705,agreement,0.7434495131,0.9909115732,"Based only on how this person's voice sounds, does this speaker show signs of depression? Answer with one word, Yes or No."
agreement_705_a005970,705,agreement,0.7434495131,0.9909115732,"Based only on how this person's voice sounds, does this speaker show signs of depression? Answer with one word, Yes or No."
agreement_707_a005988,707,agreement,0.2121829506,0.9976036996,"Based only on how this person's voice sounds, does this speaker show signs of depression? Answer with one word, Yes or No."
agreement_708_a006009,708,agreement,0.1404393728,0.9970851392,"Based only on how this person's voice sounds, does this speaker show signs of depression? Answer with one word, Yes or No."
agreement_708_a006009,708,agreement,0.1404393728,0.9970851392,"Based only on how this person's voice sounds, does this speaker show signs of depression? Answer with one word, Yes or No."
agreement_712_a006076,712,agreement,0.1259989181,0.9967590570,"Based only on how this person's voice sounds, does this speaker show signs of depression? Answer with one word, Yes or No."
agreement_712_a006073,712,agreement,0.0716425013,0.9970829189,"Based only on how this person's voice sounds, does this speaker show signs of depression? Answer with one word, Yes or No."
agreement_712_a006045,712,agreement,0.1192539067,0.9979805425,"Based only on how this person's voice sounds, does this speaker show signs of depression? Answer with one word, Yes or No."
agreement_712_a006045,712,agreement,0.1192539067,0.9979805425,"Based only on how this person's voice sounds, does this speaker show signs of depression? Answer with one word, Yes or No."
agreement_712_a006073,712,agreement,0.0716425013,0.9970829189,"Based only on how this person's voice sounds, does this speaker show signs of depression? Answer with one word, Yes or No."
agreement_713_a006094,713,agreement,0.2228453646,0.9975067526,"Based only on how this person's voice sounds, does this speaker show signs of depression? Answer with one word, Yes or No."
agreement_713_a006094,713,agreement,0.2228453646,0.9975067526,"Based only on how this person's voice sounds, does this speaker show signs of depression? Answer with one word, Yes or No."
agreement_713_a006094,713,agreement,0.2228453646,0.9975067526,"Based only on how this person's voice sounds, does this speaker show signs of depression? Answer with one word, Yes or No."
agreement_713_a006094,713,agreement,0.2228453646,0.9975067526,"Based only on how this person's voice sounds, does this speaker show signs of depression? Answer with one word, Yes or No."
agreement_716_a006150,716,agreement,0.9604446961,0.9984074235,"Based only on how this person's voice sounds, does this speaker show signs of depression? Answer with one word, Yes or No."
agreement_716_a006150,716,agreement,0.9604446961,0.9984074235,"Based only on how this person's voice sounds, does this speaker show signs of depression? Answer with one word, Yes or No."
agreement_716_a006139,716,agreement,0.2944627354,0.9976777732,"Based only on how this person's voice sounds, does this speaker show signs of depression? Answer with one word, Yes or No."
agreement_716_a006145,716,agreement,0.6793833000,0.9956189096,"Based only on how this person's voice sounds, does this speaker show signs of depression? Answer with one word, Yes or No."
agreement_717_a006180,717,agreement,0.0804091087,0.9976433367,"Based only on how this person's voice sounds, does this speaker show signs of depression? Answer with one word, Yes or No."
agreement_717_a006167,717,agreement,0.2122018552,0.9970233440,"Based only on how this person's voice sounds, does this speaker show signs of depression? Answer with one word, Yes or No."
agreement_717_a006167,717,agreement,0.2122018552,0.9970233440,"Based only on how this person's voice sounds, does this speaker show signs of depression? Answer with one word, Yes or No."
agreement_717_a006167,717,agreement,0.2122018552,0.9970233440,"Based only on how this person's voice sounds, does this speaker show signs of depression? Answer with one word, Yes or No."
agreement_718_a006210,718,agreement,0.1920088330,0.9978717417,"Based only on how this person's voice sounds, does this speaker show signs of depression? Answer with one word, Yes or No."
agreement_718_a006199,718,agreement,0.2121867785,0.9950493276,"Based only on how this person's voice sounds, does this speaker show signs of depression? Answer with one word, Yes or No."
